1.000000e+00 0.000000e+00 0.000000e+00 0.000000e+00 0.000000e+00 1.000000e+00 0.000000e+00 0.000000e+00 0.000000e+00 0.000000e+00 1.000000e+00 0.000000e+00
9.990535e-01 -6.743766e-04 4.349384e-02 2.869995e-02 7.812822e-04 9.999967e-01 -2.440996e-03 -2.147177e-02 -4.349205e-02 2.472666e-03 9.990507e-01 9.759358e-01
9.960135e-01 -5.368993e-03 8.904042e-02 1.175899e-01 6.066570e-03 9.999530e-01 -7.565616e-03 -2.349774e-02 -8.899561e-02 8.075626e-03 9.959993e-01 2.033425e+00
9.908611e-01 -4.618247e-03 1.348068e-01 2.363687e-01 6.265956e-03 9.999107e-01 -1.180102e-02 -3.094870e-02 -1.347402e-01 1.253787e-02 9.908016e-01 3.058277e+00
9.834396e-01 -2.259593e-03 1.812223e-01 3.754087e-01 4.853173e-03 9.998920e-01 -1.386945e-02 -6.527644e-02 -1.811713e-01 1.451927e-02 9.833444e-01 3.999257e+00
9.739298e-01 -4.808434e-03 2.267985e-01 6.099133e-01 8.158526e-03 9.998710e-01 -1.383614e-02 -9.236471e-02 -2.267028e-01 1.532578e-02 9.738434e-01 4.978611e+00
9.619878e-01 -4.343743e-03 2.730578e-01 8.261567e-01 8.782406e-03 9.998484e-01 -1.503522e-02 -1.221619e-01 -2.729510e-01 1.686181e-02 9.618801e-01 5.929313e+00
9.482838e-01 -7.005348e-03 3.173464e-01 1.121828e+00 1.318797e-02 9.997627e-01 -1.733833e-02 -1.612270e-01 -3.171497e-01 2.062681e-02 9.481512e-01 6.857609e+00
9.333486e-01 -8.785687e-03 3.588637e-01 1.511664e+00 1.682519e-02 9.996724e-01 -1.928577e-02 -1.930554e-01 -3.585767e-01 2.403830e-02 9.331907e-01 7.775800e+00
9.156852e-01 -8.424467e-03 4.018079e-01 1.884685e+00 1.785890e-02 9.996456e-01 -1.973991e-02 -2.265487e-01 -4.014992e-01 2.525139e-02 9.155112e-01 8.688467e+00
8.962882e-01 -9.235052e-03 4.433759e-01 2.339972e+00 1.939461e-02 9.996429e-01 -1.838486e-02 -2.592233e-01 -4.430478e-01 2.507724e-02 8.961472e-01 9.592370e+00
8.743962e-01 -8.437227e-03 4.851392e-01 2.863037e+00 1.936220e-02 9.996592e-01 -1.751226e-02 -2.928357e-01 -4.848261e-01 2.470602e-02 8.742616e-01 1.051949e+01
8.492962e-01 -7.594334e-03 5.278620e-01 3.298114e+00 1.931578e-02 9.996740e-01 -1.669558e-02 -3.349959e-01 -5.275631e-01 2.437556e-02 8.491661e-01 1.147710e+01
8.241529e-01 -8.732716e-03 5.663001e-01 3.906953e+00 2.186839e-02 9.996262e-01 -1.641081e-02 -3.759878e-01 -5.659450e-01 2.590908e-02 8.240358e-01 1.232468e+01
7.971404e-01 -1.058337e-02 6.037012e-01 4.554635e+00 2.554741e-02 9.995422e-01 -1.621059e-02 -4.117334e-01 -6.032533e-01 2.834512e-02 7.970458e-01 1.313625e+01
7.681145e-01 -9.347675e-03 6.402443e-01 5.163643e+00 2.608915e-02 9.995200e-01 -1.670653e-02 -4.410854e-01 -6.397808e-01 2.953596e-02 7.679897e-01 1.388784e+01
7.380069e-01 -1.278327e-02 6.746721e-01 5.858481e+00 3.123457e-02 9.993960e-01 -1.523077e-02 -4.779714e-01 -6.740699e-01 3.231351e-02 7.379605e-01 1.461344e+01
7.054873e-01 -1.120913e-02 7.086339e-01 6.510198e+00 3.060023e-02 9.994243e-01 -1.465552e-02 -5.053600e-01 -7.080617e-01 3.202365e-02 7.054241e-01 1.528582e+01
6.710153e-01 -1.001483e-02 7.413758e-01 7.204191e+00 3.181742e-02 9.993766e-01 -1.529776e-02 -5.400720e-01 -7.407605e-01 3.385370e-02 6.709157e-01 1.594290e+01
6.354632e-01 -1.086041e-02 7.720547e-01 8.023455e+00 3.641563e-02 9.992100e-01 -1.591722e-02 -5.626523e-01 -7.712719e-01 3.822967e-02 6.353567e-01 1.661096e+01
5.989144e-01 -9.278498e-03 8.007593e-01 8.767731e+00 3.649917e-02 9.992100e-01 -1.572097e-02 -6.009880e-01 -7.999809e-01 3.864257e-02 5.987799e-01 1.718524e+01
5.608229e-01 -8.179142e-03 8.278954e-01 9.564433e+00 3.952678e-02 9.990755e-01 -1.690544e-02 -6.367567e-01 -8.269918e-01 4.220499e-02 5.606277e-01 1.774107e+01
5.216581e-01 -6.560953e-03 8.531294e-01 1.037606e+01 4.403410e-02 9.988447e-01 -1.924371e-02 -6.719521e-01 -8.520175e-01 4.760542e-02 5.213443e-01 1.826600e+01
4.828059e-01 -5.773707e-03 8.757084e-01 1.122314e+01 4.625091e-02 9.987508e-01 -1.891465e-02 -6.959419e-01 -8.745052e-01 4.963441e-02 4.824698e-01 1.873523e+01
4.445103e-01 -7.680699e-03 8.957408e-01 1.209963e+01 5.147842e-02 9.985297e-01 -1.698402e-02 -7.264304e-01 -8.942933e-01 5.366089e-02 4.442521e-01 1.916121e+01
4.080812e-01 -8.567380e-03 9.129055e-01 1.314883e+01 5.589826e-02 9.983143e-01 -1.561836e-02 -7.642460e-01 -9.112328e-01 5.740339e-02 4.078722e-01 1.961403e+01
3.716976e-01 -6.095202e-03 9.283338e-01 1.420544e+01 5.690504e-02 9.982477e-01 -1.623010e-02 -8.195551e-01 -9.266082e-01 5.885956e-02 3.713931e-01 2.016007e+01
3.385612e-01 -6.716611e-03 9.409204e-01 1.517166e+01 5.745522e-02 9.982562e-01 -1.354760e-02 -8.424848e-01 -9.391886e-01 5.864748e-02 3.383567e-01 2.049616e+01
3.063801e-01 -8.484794e-03 9.518715e-01 1.618048e+01 5.996078e-02 9.981465e-01 -1.040237e-02 -8.711479e-01 -9.500189e-01 6.026204e-02 3.063209e-01 2.077903e+01
2.738781e-01 -8.159178e-03 9.617298e-01 1.726244e+01 6.212540e-02 9.980257e-01 -9.224754e-03 -8.751741e-01 -9.597558e-01 6.227431e-02 2.738443e-01 2.107788e+01
2.414459e-01 -5.203482e-03 9.704003e-01 1.827201e+01 5.966341e-02 9.981734e-01 -9.492481e-03 -8.877655e-01 -9.685784e-01 6.018931e-02 2.413153e-01 2.134212e+01
2.102820e-01 -3.206538e-03 9.776355e-01 1.933685e+01 5.919847e-02 9.982014e-01 -9.459150e-03 -9.003857e-01 -9.758468e-01 5.986362e-02 2.100936e-01 2.159134e+01
1.798340e-01 -3.094789e-03 9.836921e-01 2.041753e+01 6.132948e-02 9.980849e-01 -8.071901e-03 -9.272256e-01 -9.817833e-01 6.178093e-02 1.796794e-01 2.179070e+01
1.497179e-01 -3.744185e-03 9.887217e-01 2.144189e+01 6.334690e-02 9.979746e-01 -5.813123e-03 -9.624126e-01 -9.866974e-01 6.350278e-02 1.496518e-01 2.194096e+01
1.195200e-01 -4.282249e-03 9.928226e-01 2.251473e+01 6.197960e-02 9.980724e-01 -3.156459e-03 -9.754641e-01 -9.908953e-01 6.191200e-02 1.195550e-01 2.207789e+01
9.004255e-02 -4.851390e-03 9.959261e-01 2.359880e+01 6.242488e-02 9.980494e-01 -7.821551e-04 -9.969521e-01 -9.939796e-01 6.224099e-02 9.016976e-02 2.218903e+01
6.259720e-02 -4.797254e-03 9.980273e-01 2.473121e+01 6.502917e-02 9.978831e-01 7.178709e-04 -1.016976e+00 -9.959181e-01 6.485596e-02 6.277665e-02 2.226067e+01
3.761416e-02 -4.395147e-03 9.992827e-01 2.589329e+01 6.905046e-02 9.976116e-01 1.788658e-03 -1.026972e+00 -9.969038e-01 6.893365e-02 3.782780e-02 2.230485e+01
1.431254e-02 -3.904769e-03 9.998899e-01 2.700666e+01 7.333356e-02 9.973034e-01 2.844963e-03 -1.031129e+00 -9.972048e-01 7.328477e-02 1.456030e-02 2.233317e+01
-5.209037e-03 -3.702720e-03 9.999796e-01 2.815865e+01 7.989217e-02 9.967951e-01 4.107098e-03 -1.038613e+00 -9.967899e-01 7.991193e-02 -4.896524e-03 2.230387e+01
-2.277410e-02 -4.963547e-03 9.997283e-01 2.931183e+01 8.414373e-02 9.964300e-01 6.863990e-03 -1.059636e+00 -9.961933e-01 8.427719e-02 -2.227515e-02 2.226635e+01
-3.853735e-02 -5.046931e-03 9.992444e-01 3.052355e+01 8.707220e-02 9.961667e-01 8.389456e-03 -1.067746e+00 -9.954563e-01 8.732972e-02 -3.795018e-02 2.221333e+01
-5.224936e-02 -5.792224e-03 9.986173e-01 3.173262e+01 8.959111e-02 9.959237e-01 1.046416e-02 -1.072092e+00 -9.946072e-01 9.001397e-02 -5.151744e-02 2.215088e+01
-6.604674e-02 -6.898453e-03 9.977927e-01 3.291129e+01 8.968138e-02 9.958880e-01 1.282155e-02 -1.068329e+00 -9.937782e-01 9.033025e-02 -6.515649e-02 2.207922e+01
-7.795936e-02 -6.978361e-03 9.969321e-01 3.409304e+01 8.930932e-02 9.959062e-01 1.395510e-02 -1.066162e+00 -9.929482e-01 9.012326e-02 -7.701698e-02 2.198472e+01
-8.857084e-02 -3.859733e-03 9.960624e-01 3.528663e+01 8.957514e-02 9.959099e-01 1.182425e-02 -1.058536e+00 -9.920340e-01 9.026972e-02 -8.786284e-02 2.186241e+01
-9.913053e-02 -5.932265e-04 9.950743e-01 3.650611e+01 8.981595e-02 9.959127e-01 9.541302e-03 -1.057911e+00 -9.910127e-01 9.031937e-02 -9.867207e-02 2.175743e+01
-1.075392e-01 1.270544e-03 9.942000e-01 3.792139e+01 9.099935e-02 9.958141e-01 8.570482e-03 -1.068435e+00 -9.900275e-01 9.139322e-02 -1.072047e-01 2.153207e+01
-1.157101e-01 2.333419e-03 9.932803e-01 3.919258e+01 9.057948e-02 9.958554e-01 8.212399e-03 -1.066368e+00 -9.891443e-01 9.092107e-02 -1.154419e-01 2.140128e+01
-1.214207e-01 3.072842e-03 9.925964e-01 4.052001e+01 8.981321e-02 9.959273e-01 7.903372e-03 -1.051761e+00 -9.885295e-01 9.010790e-02 -1.212022e-01 2.124436e+01
-1.257259e-01 5.185619e-03 9.920515e-01 4.184919e+01 9.181438e-02 9.957554e-01 6.430951e-03 -1.038866e+00 -9.878072e-01 9.189312e-02 -1.256683e-01 2.103815e+01
-1.305157e-01 6.753045e-03 9.914232e-01 4.316561e+01 9.029996e-02 9.959015e-01 5.103972e-03 -1.031761e+00 -9.873255e-01 9.019163e-02 -1.305906e-01 2.087541e+01
-1.342753e-01 7.205373e-03 9.909179e-01 4.449597e+01 9.070736e-02 9.958648e-01 5.050050e-03 -1.037129e+00 -9.867838e-01 9.056164e-02 -1.343737e-01 2.069825e+01
-1.375335e-01 6.400322e-03 9.904764e-01 4.584860e+01 9.035158e-02 9.958912e-01 6.110540e-03 -1.024939e+00 -9.863676e-01 9.033152e-02 -1.375467e-01 2.052992e+01
-1.398447e-01 4.771533e-03 9.901620e-01 4.721728e+01 9.141096e-02 9.957802e-01 8.111742e-03 -1.018535e+00 -9.859450e-01 9.164603e-02 -1.396907e-01 2.035056e+01
-1.425399e-01 3.508528e-03 9.897828e-01 4.861595e+01 9.032435e-02 9.958673e-01 9.477629e-03 -1.000287e+00 -9.856591e-01 9.075243e-02 -1.422677e-01 2.016174e+01
-1.446793e-01 3.907683e-03 9.894709e-01 5.000675e+01 9.404671e-02 9.955194e-01 9.819834e-03 -1.018237e+00 -9.849990e-01 9.447721e-02 -1.443986e-01 1.996297e+01
-1.457681e-01 3.692003e-03 9.893119e-01 5.141238e+01 9.341142e-02 9.955769e-01 1.004813e-02 -1.006564e+00 -9.848990e-01 9.387773e-02 -1.454682e-01 1.978111e+01
-1.460302e-01 4.896232e-03 9.892680e-01 5.279852e+01 9.464121e-02 9.954704e-01 9.043480e-03 -9.930009e-01 -9.847427e-01 9.494614e-02 -1.458322e-01 1.958804e+01
-1.478547e-01 4.502397e-03 9.889988e-01 5.440333e+01 9.484361e-02 9.954454e-01 9.647314e-03 -1.020909e+00 -9.844510e-01 9.522663e-02 -1.476083e-01 1.920753e+01
-1.468759e-01 5.924998e-03 9.891372e-01 5.588123e+01 9.574916e-02 9.953713e-01 8.255349e-03 -1.029469e+00 -9.845098e-01 9.592156e-02 -1.467634e-01 1.899108e+01
-1.457837e-01 5.794218e-03 9.892995e-01 5.741435e+01 9.639862e-02 9.953076e-01 8.375943e-03 -1.019941e+00 -9.846088e-01 9.658818e-02 -1.456582e-01 1.877179e+01
-1.436653e-01 4.452175e-03 9.896163e-01 5.894971e+01 9.611046e-02 9.953256e-01 9.474755e-03 -1.020315e+00 -9.849483e-01 9.647367e-02 -1.434216e-01 1.853595e+01
-1.426622e-01 5.245419e-03 9.897575e-01 6.050098e+01 9.660899e-02 9.952848e-01 8.650362e-03 -1.007919e+00 -9.850453e-01 9.685355e-02 -1.424962e-01 1.832750e+01
-1.410695e-01 5.915502e-03 9.899820e-01 6.204864e+01 9.641654e-02 9.953106e-01 7.791728e-03 -9.991477e-01 -9.852935e-01 9.654982e-02 -1.409783e-01 1.810453e+01
-1.406195e-01 6.186244e-03 9.900444e-01 6.362892e+01 9.785979e-02 9.951706e-01 7.681093e-03 -1.007276e+00 -9.852155e-01 9.796565e-02 -1.405457e-01 1.790001e+01
-1.399253e-01 5.349557e-03 9.901476e-01 6.534741e+01 9.657514e-02 9.952913e-01 8.270416e-03 -1.012948e+00 -9.854411e-01 9.678088e-02 -1.397830e-01 1.765580e+01
-1.388578e-01 3.924449e-03 9.903046e-01 6.701517e+01 9.805449e-02 9.951327e-01 9.805350e-03 -9.924199e-01 -9.854460e-01 9.846535e-02 -1.385668e-01 1.741012e+01
-1.381878e-01 2.147172e-03 9.904037e-01 6.867031e+01 9.890493e-02 9.950288e-01 1.164268e-02 -9.777101e-01 -9.854552e-01 9.956468e-02 -1.377132e-01 1.717901e+01
-1.392091e-01 1.789109e-03 9.902614e-01 7.047074e+01 1.006205e-01 9.948483e-01 1.234764e-02 -9.942779e-01 -9.851377e-01 1.013595e-01 -1.386720e-01 1.695315e+01
-1.390025e-01 3.495830e-03 9.902859e-01 7.209562e+01 1.020504e-01 9.947205e-01 1.081293e-02 -9.806470e-01 -9.850198e-01 1.025621e-01 -1.386254e-01 1.677192e+01
-1.387407e-01 3.050844e-03 9.903240e-01 7.387309e+01 1.025224e-01 9.946665e-01 1.129878e-02 -1.006840e+00 -9.850077e-01 1.030980e-01 -1.383135e-01 1.653715e+01
-1.383106e-01 2.250804e-03 9.903863e-01 7.556128e+01 1.020866e-01 9.947032e-01 1.199611e-02 -9.992607e-01 -9.851134e-01 1.027644e-01 -1.378078e-01 1.630908e+01
-1.383577e-01 1.294153e-03 9.903815e-01 7.727175e+01 1.029019e-01 9.946056e-01 1.307588e-02 -1.001736e+00 -9.850220e-01 1.037213e-01 -1.377445e-01 1.608959e+01
-1.381490e-01 8.379726e-04 9.904111e-01 7.904206e+01 1.039377e-01 9.944900e-01 1.365648e-02 -9.967945e-01 -9.849425e-01 1.048277e-01 -1.374749e-01 1.583796e+01
-1.373562e-01 7.419324e-04 9.905214e-01 8.076411e+01 1.052383e-01 9.943506e-01 1.384866e-02 -9.766764e-01 -9.849153e-01 1.061430e-01 -1.366583e-01 1.558035e+01
-1.365880e-01 2.438318e-03 9.906249e-01 8.248738e+01 1.072833e-01 9.941518e-01 1.234529e-02 -9.657354e-01 -9.848015e-01 1.079637e-01 -1.360508e-01 1.535032e+01
-1.380867e-01 3.252456e-03 9.904148e-01 8.433273e+01 1.062797e-01 9.942692e-01 1.155273e-02 -9.479083e-01 -9.847013e-01 1.068563e-01 -1.376410e-01 1.512746e+01
-1.392568e-01 2.998569e-03 9.902518e-01 8.615767e+01 1.051288e-01 9.943889e-01 1.177292e-02 -9.628105e-01 -9.846601e-01 1.057434e-01 -1.387907e-01 1.487825e+01
-1.401521e-01 3.862481e-03 9.901225e-01 8.797858e+01 1.043055e-01 9.944857e-01 1.088497e-02 -9.441003e-01 -9.846206e-01 1.048008e-01 -1.397821e-01 1.461903e+01
-1.416243e-01 1.983496e-03 9.899185e-01 8.983209e+01 1.030651e-01 9.945929e-01 1.275232e-02 -9.559557e-01 -9.845406e-01 1.038321e-01 -1.410630e-01 1.437067e+01
-1.453384e-01 7.579937e-05 9.893820e-01 9.169258e+01 1.017189e-01 9.947021e-01 1.486611e-02 -9.935597e-01 -9.841392e-01 1.027994e-01 -1.445761e-01 1.418767e+01
-1.444962e-01 -8.935237e-04 9.895050e-01 9.353510e+01 9.944722e-02 9.949233e-01 1.542057e-02 -9.695101e-01 -9.844954e-01 1.006317e-01 -1.436738e-01 1.385566e+01
-1.459341e-01 -2.682224e-04 9.892943e-01 9.540510e+01 9.919191e-02 9.949567e-01 1.490188e-02 -9.572077e-01 -9.843090e-01 1.003047e-01 -1.451715e-01 1.358824e+01
-1.492209e-01 3.378148e-04 9.888038e-01 9.727017e+01 9.797530e-02 9.950840e-01 1.444554e-02 -9.451744e-01 -9.839380e-01 9.903393e-02 -1.485204e-01 1.335843e+01
-1.535399e-01 1.128879e-03 9.881418e-01 9.922092e+01 9.806647e-02 9.950800e-01 1.410100e-02 -9.284438e-01 -9.832642e-01 9.906864e-02 -1.528952e-01 1.307569e+01
-1.574333e-01 1.692942e-04 9.875296e-01 1.012128e+02 9.541250e-02 9.953242e-01 1.504016e-02 -8.925308e-01 -9.829096e-01 9.659049e-02 -1.567134e-01 1.272339e+01
-1.618205e-01 -9.375392e-04 9.868198e-01 1.031497e+02 9.381020e-02 9.954562e-01 1.632892e-02 -8.786125e-01 -9.823511e-01 9.521611e-02 -1.609973e-01 1.239457e+01
-1.665204e-01 3.756152e-05 9.860380e-01 1.050267e+02 9.242661e-02 9.955977e-01 1.557092e-02 -8.514364e-01 -9.816966e-01 9.372903e-02 -1.657908e-01 1.211144e+01
-1.717604e-01 1.517648e-03 9.851376e-01 1.069939e+02 9.346616e-02 9.955130e-01 1.476235e-02 -8.531374e-01 -9.806949e-01 9.461261e-02 -1.711315e-01 1.179594e+01
-1.769142e-01 3.672638e-03 9.842194e-01 1.091287e+02 9.335264e-02 9.955474e-01 1.306530e-02 -9.135577e-01 -9.797891e-01 9.419092e-02 -1.764693e-01 1.138968e+01
-1.832680e-01 4.275798e-03 9.830537e-01 1.111159e+02 9.142578e-02 9.957307e-01 1.271332e-02 -8.973081e-01 -9.788024e-01 9.220639e-02 -1.828765e-01 1.108986e+01
-1.881286e-01 3.302890e-03 9.821389e-01 1.131089e+02 8.890289e-02 9.959464e-01 1.368001e-02 -8.951706e-01 -9.781124e-01 8.988859e-02 -1.876596e-01 1.072192e+01
-1.930726e-01 2.938352e-03 9.811801e-01 1.151025e+02 8.670091e-02 9.961349e-01 1.407751e-02 -8.736555e-01 -9.773464e-01 8.778719e-02 -1.925811e-01 1.031297e+01
-1.981860e-01 2.071008e-03 9.801622e-01 1.171149e+02 8.579397e-02 9.961963e-01 1.524241e-02 -8.810572e-01 -9.764024e-01 8.711285e-02 -1.976098e-01 9.887374e+00
-2.037216e-01 2.443537e-03 9.790258e-01 1.190938e+02 8.580041e-02 9.961938e-01 1.536748e-02 -8.460789e-01 -9.752619e-01 8.713151e-02 -2.031559e-01 9.488074e+00
-2.094280e-01 3.738505e-03 9.778169e-01 1.209971e+02 8.718723e-02 9.960810e-01 1.486535e-02 -8.512743e-01 -9.739293e-01 8.836637e-02 -2.089332e-01 9.147384e+00
-2.148849e-01 4.905442e-03 9.766271e-01 1.229707e+02 8.606467e-02 9.961921e-01 1.393289e-02 -8.248706e-01 -9.728398e-01 8.704705e-02 -2.144889e-01 8.750764e+00
-2.204900e-01 6.624877e-03 9.753667e-01 1.250842e+02 8.396710e-02 9.963937e-01 1.221378e-02 -8.013385e-01 -9.717683e-01 8.459173e-02 -2.202511e-01 8.233356e+00
-2.261283e-01 6.018350e-03 9.740789e-01 1.271455e+02 8.129214e-02 9.966092e-01 1.271407e-02 -7.994653e-01 -9.706995e-01 8.205997e-02 -2.258508e-01 7.800151e+00
-2.311566e-01 6.702861e-03 9.728935e-01 1.291875e+02 8.111543e-02 9.966275e-01 1.240641e-02 -7.942028e-01 -9.695292e-01 8.178449e-02 -2.309207e-01 7.336369e+00
-2.353680e-01 7.595632e-03 9.718766e-01 1.311877e+02 8.021131e-02 9.967100e-01 1.163577e-02 -7.582019e-01 -9.685908e-01 8.069419e-02 -2.352029e-01 6.839653e+00
-2.397161e-01 6.507087e-03 9.708212e-01 1.332631e+02 8.095948e-02 9.966285e-01 1.331053e-02 -7.473228e-01 -9.674615e-01 8.178793e-02 -2.394347e-01 6.365874e+00
-2.442193e-01 7.189448e-03 9.696934e-01 1.352985e+02 8.351457e-02 9.964131e-01 1.364577e-02 -7.231570e-01 -9.661171e-01 8.431609e-02 -2.439437e-01 5.888322e+00
-2.466304e-01 8.257766e-03 9.690744e-01 1.373341e+02 8.544715e-02 9.962545e-01 1.325700e-02 -7.096797e-01 -9.653353e-01 8.607423e-02 -2.464122e-01 5.328849e+00
-2.500286e-01 9.259735e-03 9.681942e-01 1.394225e+02 8.562981e-02 9.962475e-01 1.258520e-02 -6.837346e-01 -9.644445e-01 8.605294e-02 -2.498833e-01 4.820930e+00
-2.535687e-01 9.149536e-03 9.672741e-01 1.415162e+02 8.357259e-02 9.964235e-01 1.248310e-02 -6.538402e-01 -9.637004e-01 8.400293e-02 -2.534264e-01 4.295702e+00
-2.581342e-01 9.706325e-03 9.660603e-01 1.436793e+02 8.229296e-02 9.965362e-01 1.197640e-02 -6.493319e-01 -9.625978e-01 8.259148e-02 -2.580388e-01 3.699938e+00
-2.635364e-01 1.047522e-02 9.645926e-01 1.457655e+02 8.110103e-02 9.966414e-01 1.133436e-02 -6.517475e-01 -9.612342e-01 8.121647e-02 -2.635009e-01 3.199646e+00
-2.675456e-01 9.813766e-03 9.634952e-01 1.478747e+02 8.017567e-02 9.967072e-01 1.211132e-02 -6.403664e-01 -9.602037e-01 8.048920e-02 -2.674514e-01 2.622272e+00
-2.725884e-01 9.976203e-03 9.620790e-01 1.499313e+02 8.041723e-02 9.966835e-01 1.244979e-02 -6.531354e-01 -9.587641e-01 8.076140e-02 -2.724866e-01 2.115947e+00
-2.774202e-01 1.056144e-02 9.606906e-01 1.520396e+02 8.034473e-02 9.966919e-01 1.224406e-02 -6.450463e-01 -9.573833e-01 8.058318e-02 -2.773511e-01 1.559533e+00
-2.811437e-01 1.043663e-02 9.596089e-01 1.540359e+02 8.003681e-02 9.967122e-01 1.260882e-02 -6.432905e-01 -9.563223e-01 8.034892e-02 -2.810547e-01 9.901142e-01
-2.851306e-01 9.310986e-03 9.584435e-01 1.560917e+02 7.985804e-02 9.967069e-01 1.407453e-02 -6.455323e-01 -9.551561e-01 8.055249e-02 -2.849352e-01 3.925981e-01
-2.892263e-01 9.005322e-03 9.572184e-01 1.582048e+02 7.995792e-02 9.966886e-01 1.478287e-02 -6.398089e-01 -9.539155e-01 8.081279e-02 -2.889886e-01 -2.440930e-01
-2.922835e-01 8.794943e-03 9.562913e-01 1.601564e+02 8.062433e-02 9.966244e-01 1.547636e-02 -6.470302e-01 -9.529271e-01 8.162382e-02 -2.920060e-01 -9.362384e-01
-2.956624e-01 9.771614e-03 9.552425e-01 1.622512e+02 8.138367e-02 9.965700e-01 1.499514e-02 -6.490751e-01 -9.518195e-01 8.217464e-02 -2.954436e-01 -1.559584e+00
-2.993302e-01 1.135169e-02 9.540821e-01 1.641979e+02 8.158520e-02 9.965717e-01 1.373901e-02 -6.591159e-01 -9.506552e-01 8.195147e-02 -2.992301e-01 -2.110523e+00
-3.025879e-01 1.246619e-02 9.530400e-01 1.663639e+02 8.239138e-02 9.965136e-01 1.312421e-02 -6.361784e-01 -9.495537e-01 8.249350e-02 -3.025600e-01 -2.784938e+00
-3.054151e-01 1.309273e-02 9.521293e-01 1.685074e+02 8.225049e-02 9.965310e-01 1.268024e-02 -6.318085e-01 -9.486604e-01 8.218584e-02 -3.054325e-01 -3.492587e+00
-3.073069e-01 1.355916e-02 9.515139e-01 1.705258e+02 8.311755e-02 9.964595e-01 1.264453e-02 -6.146040e-01 -9.479736e-01 8.297325e-02 -3.073459e-01 -4.153494e+00
-3.126852e-01 1.368829e-02 9.497582e-01 1.726634e+02 8.239189e-02 9.965183e-01 1.276335e-02 -5.847123e-01 -9.462767e-01 8.224328e-02 -3.127243e-01 -4.798073e+00
-3.161157e-01 1.434040e-02 9.486122e-01 1.747529e+02 8.427022e-02 9.963579e-01 1.302004e-02 -5.690311e-01 -9.449706e-01 8.405560e-02 -3.161729e-01 -5.482134e+00
-3.194308e-01 1.353952e-02 9.475129e-01 1.768404e+02 8.591844e-02 9.961933e-01 1.473017e-02 -5.895133e-01 -9.437065e-01 8.611410e-02 -3.193781e-01 -6.215785e+00
-3.214791e-01 1.307414e-02 9.468264e-01 1.789525e+02 8.677407e-02 9.961042e-01 1.570810e-02 -5.770035e-01 -9.429324e-01 8.720981e-02 -3.213612e-01 -6.920495e+00
-3.241284e-01 1.301813e-02 9.459235e-01 1.811475e+02 8.658059e-02 9.961170e-01 1.595864e-02 -5.504075e-01 -9.420428e-01 8.707127e-02 -3.239970e-01 -7.651465e+00
-3.280134e-01 1.246538e-02 9.445908e-01 1.835911e+02 8.534742e-02 9.962148e-01 1.649063e-02 -5.666983e-01 -9.408098e-01 8.602754e-02 -3.278357e-01 -8.641619e+00
-3.308540e-01 1.457953e-02 9.435693e-01 1.857029e+02 8.497218e-02 9.962793e-01 1.440075e-02 -5.558219e-01 -9.398486e-01 8.494169e-02 -3.308619e-01 -9.379714e+00
-3.352600e-01 1.663108e-02 9.419788e-01 1.878527e+02 8.470234e-02 9.963272e-01 1.255582e-02 -5.555548e-01 -9.383103e-01 8.399727e-02 -3.354374e-01 -1.001704e+01
-3.380060e-01 1.754663e-02 9.409804e-01 1.900092e+02 8.402280e-02 9.963963e-01 1.160154e-02 -5.491970e-01 -9.373858e-01 8.298520e-02 -3.382623e-01 -1.078111e+01
-3.417569e-01 1.830914e-02 9.396100e-01 1.923637e+02 8.148991e-02 9.966218e-01 1.021961e-02 -5.197992e-01 -9.362487e-01 8.006136e-02 -3.420943e-01 -1.158691e+01
-3.458542e-01 1.814731e-02 9.381128e-01 1.946458e+02 8.216258e-02 9.965581e-01 1.101299e-02 -5.349343e-01 -9.346840e-01 8.088665e-02 -3.461548e-01 -1.239693e+01
-3.491760e-01 1.738236e-02 9.368959e-01 1.968332e+02 8.242252e-02 9.965224e-01 1.222980e-02 -5.413959e-01 -9.334252e-01 8.149167e-02 -3.493944e-01 -1.317565e+01
-3.530703e-01 1.647889e-02 9.354517e-01 1.990514e+02 8.154446e-02 9.965820e-01 1.322181e-02 -5.246630e-01 -9.320364e-01 8.094913e-02 -3.532073e-01 -1.397806e+01
-3.558730e-01 1.603201e-02 9.343968e-01 2.011785e+02 8.208598e-02 9.965246e-01 1.416518e-02 -5.397778e-01 -9.309223e-01 8.174188e-02 -3.559522e-01 -1.481408e+01
-3.595981e-01 1.626623e-02 9.329655e-01 2.034284e+02 8.053257e-02 9.966583e-01 1.366341e-02 -5.142512e-01 -9.296256e-01 8.004744e-02 -3.597064e-01 -1.565076e+01
-3.630686e-01 1.667639e-02 9.316132e-01 2.056724e+02 7.980371e-02 9.967224e-01 1.325925e-02 -4.994262e-01 -9.283386e-01 7.916021e-02 -3.632095e-01 -1.654196e+01
-3.666717e-01 1.716093e-02 9.301921e-01 2.081175e+02 7.951826e-02 9.967492e-01 1.295641e-02 -5.117608e-01 -9.269459e-01 7.871801e-02 -3.668443e-01 -1.755797e+01
-3.695321e-01 1.766698e-02 9.290500e-01 2.103811e+02 7.984763e-02 9.967248e-01 1.280571e-02 -5.054351e-01 -9.257810e-01 7.891456e-02 -3.697325e-01 -1.844275e+01
-3.718143e-01 1.743337e-02 9.281434e-01 2.125923e+02 8.150399e-02 9.965756e-01 1.393177e-02 -5.030665e-01 -9.247222e-01 8.082742e-02 -3.719620e-01 -1.932687e+01
-3.746124e-01 1.703000e-02 9.270251e-01 2.148606e+02 8.282208e-02 9.964490e-01 1.516319e-02 -4.850055e-01 -9.234750e-01 8.245846e-02 -3.746926e-01 -2.022214e+01
-3.767345e-01 1.793181e-02 9.261477e-01 2.171182e+02 8.418285e-02 9.963381e-01 1.495274e-02 -4.720826e-01 -9.224881e-01 8.359897e-02 -3.768645e-01 -2.114389e+01
-3.789516e-01 1.881606e-02 9.252252e-01 2.192806e+02 8.430505e-02 9.963378e-01 1.426721e-02 -4.623099e-01 -9.215684e-01 8.340774e-02 -3.791501e-01 -2.201979e+01
-3.826481e-01 1.831358e-02 9.237126e-01 2.215543e+02 8.319771e-02 9.964245e-01 1.470949e-02 -4.663520e-01 -9.201405e-01 8.247934e-02 -3.828036e-01 -2.287209e+01
-3.855111e-01 1.960915e-02 9.224948e-01 2.237887e+02 8.223604e-02 9.965257e-01 1.318370e-02 -4.350511e-01 -9.190312e-01 8.094478e-02 -3.857843e-01 -2.376875e+01
-3.883573e-01 2.070637e-02 9.212762e-01 2.259817e+02 8.249192e-02 9.965149e-01 1.237646e-02 -4.395825e-01 -9.178092e-01 8.080434e-02 -3.887119e-01 -2.470697e+01
-3.908116e-01 1.992873e-02 9.202549e-01 2.281557e+02 7.988512e-02 9.967277e-01 1.234062e-02 -4.881866e-01 -9.169976e-01 7.833753e-02 -3.911248e-01 -2.567178e+01
-3.941471e-01 2.075366e-02 9.188130e-01 2.302499e+02 8.061914e-02 9.966719e-01 1.207124e-02 -4.894641e-01 -9.155046e-01 7.883176e-02 -3.945085e-01 -2.656908e+01
-3.954020e-01 1.941731e-02 9.183029e-01 2.322959e+02 8.168140e-02 9.965588e-01 1.409828e-02 -5.370000e-01 -9.148690e-01 8.058275e-02 -3.956274e-01 -2.758957e+01
-3.973139e-01 1.876786e-02 9.174908e-01 2.344594e+02 8.269830e-02 9.964552e-01 1.542888e-02 -5.261922e-01 -9.139489e-01 8.200504e-02 -3.974576e-01 -2.851597e+01
-4.006109e-01 1.780319e-02 9.160753e-01 2.366317e+02 8.121515e-02 9.965658e-01 1.614891e-02 -5.310251e-01 -9.126418e-01 8.086863e-02 -4.006810e-01 -2.945557e+01
-4.027226e-01 1.772003e-02 9.151505e-01 2.387269e+02 7.994686e-02 9.966726e-01 1.588301e-02 -5.371396e-01 -9.118240e-01 7.955986e-02 -4.027992e-01 -3.037823e+01
-4.061088e-01 1.729238e-02 9.136611e-01 2.410153e+02 7.845404e-02 9.967892e-01 1.600595e-02 -5.138484e-01 -9.104508e-01 7.818056e-02 -4.061615e-01 -3.137735e+01
-4.088823e-01 1.645832e-02 9.124387e-01 2.432070e+02 7.773160e-02 9.968319e-01 1.685253e-02 -5.089956e-01 -9.092706e-01 7.781602e-02 -4.088662e-01 -3.236284e+01
-4.120853e-01 1.628895e-02 9.109997e-01 2.455121e+02 7.703571e-02 9.968830e-01 1.702208e-02 -4.957244e-01 -9.078828e-01 7.719405e-02 -4.120556e-01 -3.337396e+01
-4.153682e-01 1.588756e-02 9.095146e-01 2.477074e+02 7.636068e-02 9.969274e-01 1.745883e-02 -4.766184e-01 -9.064427e-01 7.670299e-02 -4.153052e-01 -3.437365e+01
-4.193419e-01 1.523436e-02 9.077006e-01 2.499201e+02 7.592946e-02 9.969444e-01 1.834590e-02 -4.791417e-01 -9.046475e-01 7.661442e-02 -4.192173e-01 -3.536758e+01
-4.258825e-01 1.543909e-02 9.046467e-01 2.526129e+02 7.613193e-02 9.969200e-01 1.882693e-02 -5.329813e-01 -9.015697e-01 7.689056e-02 -4.257462e-01 -3.645626e+01
-4.297044e-01 1.629874e-02 9.028225e-01 2.547511e+02 7.615101e-02 9.969293e-01 1.824693e-02 -4.922414e-01 -8.997528e-01 7.659163e-02 -4.296261e-01 -3.747470e+01
-4.328889e-01 1.699205e-02 9.012871e-01 2.568983e+02 7.645110e-02 9.969122e-01 1.792464e-02 -4.666612e-01 -8.981996e-01 7.666377e-02 -4.328513e-01 -3.850136e+01
-4.364271e-01 1.658548e-02 8.995868e-01 2.591000e+02 7.617273e-02 9.969216e-01 1.857455e-02 -4.603636e-01 -8.965094e-01 7.663041e-02 -4.363469e-01 -3.953983e+01
-4.425048e-01 1.654095e-02 8.966136e-01 2.614612e+02 7.447134e-02 9.970541e-01 1.835986e-02 -4.533494e-01 -8.936686e-01 7.489634e-02 -4.424330e-01 -4.047233e+01
-4.455527e-01 1.695879e-02 8.950951e-01 2.637871e+02 7.513022e-02 9.970020e-01 1.850812e-02 -4.270555e-01 -8.920977e-01 7.549503e-02 -4.454910e-01 -4.168734e+01
-4.497622e-01 1.809199e-02 8.929651e-01 2.662166e+02 7.541187e-02 9.969939e-01 1.778323e-02 -3.591215e-01 -8.899590e-01 7.533839e-02 -4.497746e-01 -4.274795e+01
-4.532167e-01 1.911611e-02 8.911954e-01 2.682272e+02 7.619901e-02 9.969414e-01 1.736659e-02 -3.159245e-01 -8.881376e-01 7.577903e-02 -4.532871e-01 -4.377423e+01
-4.547087e-01 2.070326e-02 8.903996e-01 2.704031e+02 7.842760e-02 9.967770e-01 1.687464e-02 -3.111048e-01 -8.871804e-01 7.750495e-02 -4.548668e-01 -4.504359e+01
-4.574777e-01 2.133272e-02 8.889652e-01 2.726154e+02 7.943213e-02 9.966960e-01 1.695925e-02 -2.796987e-01 -8.856663e-01 7.837088e-02 -4.576607e-01 -4.617395e+01
-4.615954e-01 2.324099e-02 8.867861e-01 2.748480e+02 8.115455e-02 9.965711e-01 1.612483e-02 -2.996421e-01 -8.833706e-01 7.940987e-02 -4.618988e-01 -4.734504e+01
-4.653427e-01 2.562288e-02 8.847597e-01 2.772504e+02 8.306816e-02 9.964335e-01 1.483302e-02 -3.070386e-01 -8.812241e-01 8.039780e-02 -4.658114e-01 -4.854217e+01
-4.679787e-01 2.600879e-02 8.833570e-01 2.793811e+02 8.371764e-02 9.963764e-01 1.501492e-02 -2.652978e-01 -8.797655e-01 8.097922e-02 -4.684603e-01 -4.967445e+01
-4.725142e-01 2.691647e-02 8.809119e-01 2.816212e+02 8.348623e-02 9.964058e-01 1.433594e-02 -2.473133e-01 -8.773599e-01 8.031796e-02 -4.730630e-01 -5.078794e+01
-4.759807e-01 2.666091e-02 8.790515e-01 2.837818e+02 8.258542e-02 9.964786e-01 1.449522e-02 -2.283352e-01 -8.755695e-01 7.949629e-02 -4.765064e-01 -5.190340e+01
-4.795677e-01 2.733104e-02 8.770791e-01 2.859222e+02 8.330712e-02 9.964184e-01 1.450070e-02 -2.365345e-01 -8.735415e-01 8.002101e-02 -4.801270e-01 -5.307458e+01
-4.831311e-01 2.851822e-02 8.750835e-01 2.881655e+02 8.247879e-02 9.965072e-01 1.306099e-02 -1.842101e-01 -8.716545e-01 7.848600e-02 -4.837958e-01 -5.429248e+01
-4.882796e-01 2.694140e-02 8.722713e-01 2.902533e+02 7.978097e-02 9.967159e-01 1.387469e-02 -1.925110e-01 -8.690328e-01 7.636538e-02 -4.888254e-01 -5.516347e+01
-4.913818e-01 2.665221e-02 8.705364e-01 2.923377e+02 8.076345e-02 9.966193e-01 1.507529e-02 -1.946699e-01 -8.671916e-01 7.771525e-02 -4.918731e-01 -5.620337e+01
-4.916192e-01 2.796428e-02 8.703612e-01 2.944952e+02 8.352921e-02 9.963899e-01 1.516754e-02 -1.462859e-01 -8.667949e-01 8.015724e-02 -4.921802e-01 -5.755039e+01
-4.938301e-01 2.720321e-02 8.691328e-01 2.968703e+02 8.379727e-02 9.963474e-01 1.642759e-02 -1.596601e-01 -8.655113e-01 8.094340e-02 -4.943059e-01 -5.898710e+01
-4.967680e-01 2.724263e-02 8.674557e-01 2.992618e+02 8.430094e-02 9.962955e-01 1.698796e-02 -1.502025e-01 -8.637794e-01 8.156641e-02 -4.972244e-01 -6.030349e+01
-4.999220e-01 2.583004e-02 8.656852e-01 3.014462e+02 8.244347e-02 9.964354e-01 1.787871e-02 -1.111225e-01 -8.621375e-01 8.030805e-02 -5.002695e-01 -6.151287e+01
-5.011257e-01 2.616313e-02 8.649789e-01 3.036373e+02 8.255879e-02 9.964292e-01 1.769133e-02 -2.766993e-02 -8.614273e-01 8.027719e-02 -5.014963e-01 -6.286172e+01
-5.039128e-01 2.549147e-02 8.633783e-01 3.057306e+02 8.274187e-02 9.963923e-01 1.887375e-02 3.037862e-03 -8.597823e-01 8.094826e-02 -5.042040e-01 -6.402561e+01
-5.050833e-01 2.713047e-02 8.626441e-01 3.079263e+02 8.253101e-02 9.964438e-01 1.698388e-02 5.821360e-02 -8.591155e-01 7.977316e-02 -5.055262e-01 -6.529881e+01
-5.112790e-01 2.685603e-02 8.589951e-01 3.100873e+02 8.190585e-02 9.964847e-01 1.759628e-02 -3.287782e-02 -8.555029e-01 7.935332e-02 -5.116814e-01 -6.650324e+01
-5.144491e-01 2.616138e-02 8.571217e-01 3.123158e+02 7.948696e-02 9.966860e-01 1.728729e-02 1.212599e-02 -8.538290e-01 7.702343e-02 -5.148237e-01 -6.781249e+01
-5.183830e-01 2.284545e-02 8.548433e-01 3.143048e+02 7.626697e-02 9.968946e-01 1.960709e-02 2.851635e-02 -8.517408e-01 7.536030e-02 -5.185156e-01 -6.901435e+01
-5.252342e-01 2.031783e-02 8.507151e-01 3.162688e+02 7.273892e-02 9.971279e-01 2.109459e-02 9.697999e-02 -8.478432e-01 7.295970e-02 -5.252036e-01 -7.003952e+01
-5.278889e-01 1.958394e-02 8.490876e-01 3.184107e+02 7.261236e-02 9.971143e-01 2.214593e-02 1.341807e-01 -8.462037e-01 7.334484e-02 -5.277876e-01 -7.143928e+01
-5.303059e-01 1.898042e-02 8.475939e-01 3.205884e+02 7.222946e-02 9.971260e-01 2.286218e-02 1.375860e-01 -8.447239e-01 7.334520e-02 -5.301528e-01 -7.295728e+01
-5.350146e-01 2.017743e-02 8.446018e-01 3.227141e+02 7.416923e-02 9.969766e-01 2.316499e-02 1.688872e-01 -8.415808e-01 7.503707e-02 -5.348936e-01 -7.423489e+01
-5.382286e-01 2.105502e-02 8.425359e-01 3.247010e+02 7.503478e-02 9.969152e-01 2.302073e-02 2.229205e-01 -8.394521e-01 7.560991e-02 -5.381481e-01 -7.555756e+01
-5.425831e-01 2.037661e-02 8.397549e-01 3.269829e+02 7.454315e-02 9.969296e-01 2.397344e-02 2.805847e-01 -8.366880e-01 7.560556e-02 -5.424361e-01 -7.702613e+01
-5.458615e-01 1.945319e-02 8.376496e-01 3.291327e+02 7.445878e-02 9.969013e-01 2.537012e-02 3.527996e-01 -8.345604e-01 7.621894e-02 -5.456185e-01 -7.841546e+01
-5.515094e-01 1.760971e-02 8.339828e-01 3.311185e+02 7.297975e-02 9.969622e-01 2.721016e-02 3.391106e-01 -8.309701e-01 7.587051e-02 -5.511191e-01 -7.963570e+01
-5.548224e-01 1.720473e-02 8.317909e-01 3.332249e+02 7.216622e-02 9.970130e-01 2.751424e-02 3.836315e-01 -8.288330e-01 7.529272e-02 -5.544068e-01 -8.106091e+01
-5.594095e-01 1.641771e-02 8.287288e-01 3.350086e+02 7.057617e-02 9.971165e-01 2.788682e-02 4.554209e-01 -8.258814e-01 7.408866e-02 -5.589551e-01 -8.215676e+01
-5.641724e-01 1.631015e-02 8.254959e-01 3.361424e+02 7.120996e-02 9.970406e-01 2.896782e-02 4.952785e-01 -8.225805e-01 7.512637e-02 -5.636643e-01 -8.294877e+01
-5.703356e-01 1.755608e-02 8.212241e-01 3.368834e+02 7.452615e-02 9.967541e-01 3.044946e-02 4.869576e-01 -8.180239e-01 7.856908e-02 -5.697927e-01 -8.337535e+01
-5.776429e-01 1.209811e-02 8.162000e-01 3.375842e+02 6.713498e-02 9.972069e-01 3.273183e-02 3.502410e-01 -8.135242e-01 7.370288e-02 -5.768416e-01 -8.336027e+01
-5.862266e-01 5.539480e-03 8.101282e-01 3.385391e+02 5.454242e-02 9.979777e-01 3.264414e-02 4.003219e-01 -8.083091e-01 6.332322e-02 -5.853432e-01 -8.364558e+01
-5.917402e-01 6.985721e-03 8.060984e-01 3.394634e+02 6.275571e-02 9.973270e-01 3.742475e-02 3.424860e-01 -8.036823e-01 7.273301e-02 -5.905969e-01 -8.426837e+01
-5.950327e-01 8.111302e-03 8.036606e-01 3.406394e+02 6.588154e-02 9.970761e-01 3.871545e-02 3.315095e-01 -8.009967e-01 7.598335e-02 -5.938272e-01 -8.516952e+01
-5.954052e-01 1.134043e-02 8.033455e-01 3.417369e+02 7.001360e-02 9.968289e-01 3.781934e-02 3.700158e-01 -8.003691e-01 7.876295e-02 -5.943111e-01 -8.615257e+01
-6.061571e-01 8.290632e-03 7.953017e-01 3.423463e+02 6.299868e-02 9.973043e-01 3.761945e-02 3.932460e-01 -7.928460e-01 7.290626e-02 -6.050454e-01 -8.631043e+01
-6.020794e-01 6.213455e-03 7.984120e-01 3.435566e+02 6.141041e-02 9.973680e-01 3.854757e-02 4.558185e-01 -7.960711e-01 7.223950e-02 -6.008763e-01 -8.737689e+01
-6.070819e-01 1.250964e-02 7.945408e-01 3.450165e+02 7.169519e-02 9.966604e-01 3.908798e-02 5.839124e-01 -7.913983e-01 8.069436e-02 -6.059514e-01 -8.858277e+01
-6.092985e-01 1.640518e-02 7.927712e-01 3.460993e+02 7.718948e-02 9.962647e-01 3.870919e-02 6.612634e-01 -7.891750e-01 8.477906e-02 -6.082889e-01 -8.965100e+01
-6.154876e-01 1.608323e-02 7.879825e-01 3.468367e+02 7.790398e-02 9.961372e-01 4.051846e-02 6.861462e-01 -7.842869e-01 8.632558e-02 -6.143630e-01 -9.039736e+01
-6.187228e-01 1.644253e-02 7.854373e-01 3.469629e+02 8.189707e-02 9.956836e-01 4.366998e-02 6.949797e-01 -7.813290e-01 9.134463e-02 -6.173987e-01 -9.068348e+01
-6.193490e-01 1.813261e-02 7.849063e-01 3.469636e+02 8.328815e-02 9.956094e-01 4.272030e-02 7.154544e-01 -7.806855e-01 9.183217e-02 -6.181400e-01 -9.071172e+01
-6.171412e-01 2.153998e-02 7.865576e-01 3.468544e+02 8.667455e-02 9.954031e-01 4.074650e-02 7.069911e-01 -7.820641e-01 9.332086e-02 -6.161712e-01 -9.068356e+01
-6.142111e-01 2.312199e-02 7.888029e-01 3.472287e+02 8.849765e-02 9.952835e-01 3.973528e-02 7.354401e-01 -7.841638e-01 9.421305e-02 -6.133604e-01 -9.105642e+01
-6.138548e-01 2.284235e-02 7.890884e-01 3.472336e+02 8.864793e-02 9.952534e-01 4.015144e-02 7.122621e-01 -7.844258e-01 9.459820e-02 -6.129661e-01 -9.103899e+01
-6.137123e-01 1.800812e-02 7.893244e-01 3.471477e+02 8.335345e-02 9.956306e-01 4.209372e-02 7.083505e-01 -7.851175e-01 9.162635e-02 -6.125318e-01 -9.092038e+01
-6.155373e-01 1.340150e-02 7.879938e-01 3.468512e+02 7.564921e-02 9.962432e-01 4.214978e-02 6.304626e-01 -7.844686e-01 8.555587e-02 -6.142387e-01 -9.034279e+01
-6.176146e-01 4.877890e-03 7.864658e-01 3.468508e+02 5.741446e-02 9.975923e-01 3.890044e-02 7.200510e-01 -7.843824e-01 6.917999e-02 -6.164076e-01 -9.045519e+01
-6.177246e-01 6.896130e-03 7.863642e-01 3.465215e+02 4.841562e-02 9.983981e-01 2.927707e-02 7.306456e-01 -7.849027e-01 5.615748e-02 -6.170690e-01 -9.027234e+01
-6.208189e-01 1.961908e-02 7.837085e-01 3.461403e+02 6.145002e-02 9.978288e-01 2.369868e-02 6.029302e-01 -7.815419e-01 6.287149e-02 -6.206766e-01 -8.987871e+01
-6.271790e-01 1.801056e-02 7.786669e-01 3.461922e+02 6.422590e-02 9.975238e-01 2.865818e-02 5.719581e-01 -7.762226e-01 6.798439e-02 -6.267827e-01 -8.977706e+01
-6.312042e-01 8.162939e-03 7.755737e-01 3.463191e+02 6.358579e-02 9.971233e-01 4.125483e-02 5.484756e-01 -7.730059e-01 7.535569e-02 -6.299075e-01 -8.979205e+01
-6.362115e-01 -2.763646e-03 7.715098e-01 3.465956e+02 5.688604e-02 9.971036e-01 5.048179e-02 5.665629e-01 -7.694147e-01 7.600523e-02 -6.342115e-01 -8.997482e+01
-6.369465e-01 -1.160938e-02 7.708206e-01 3.470981e+02 4.651425e-02 9.974861e-01 5.345898e-02 7.267811e-01 -7.695035e-01 6.990465e-02 -6.348053e-01 -9.073888e+01
-6.380892e-01 -4.323818e-03 7.699503e-01 3.473170e+02 5.508763e-02 9.971652e-01 5.125316e-02 7.240999e-01 -7.679892e-01 7.511883e-02 -6.360422e-01 -9.103570e+01
-6.407467e-01 1.127699e-03 7.677515e-01 3.473282e+02 6.072323e-02 9.969407e-01 4.921379e-02 7.451689e-01 -7.653472e-01 7.815392e-02 -6.388549e-01 -9.110826e+01
-6.424109e-01 8.078014e-03 7.663178e-01 3.471639e+02 6.560290e-02 9.968536e-01 4.448732e-02 7.462590e-01 -7.635473e-01 7.885181e-02 -6.409196e-01 -9.100038e+01
-6.448347e-01 1.361901e-02 7.642007e-01 3.471330e+02 6.936264e-02 9.967583e-01 4.076492e-02 7.733768e-01 -7.611682e-01 7.929361e-02 -6.436890e-01 -9.115118e+01
-6.566167e-01 1.220618e-02 7.541257e-01 3.471815e+02 6.679552e-02 9.968813e-01 4.202343e-02 7.387203e-01 -7.512608e-01 7.796550e-02 -6.553843e-01 -9.097047e+01
-6.674535e-01 7.705602e-03 7.446116e-01 3.473290e+02 6.185084e-02 9.970649e-01 4.512363e-02 7.169313e-01 -7.420783e-01 7.617278e-02 -6.659711e-01 -9.085537e+01
-6.709222e-01 7.270019e-03 7.414921e-01 3.474374e+02 6.252994e-02 9.969450e-01 4.680416e-02 7.333172e-01 -7.388866e-01 7.776741e-02 -6.693272e-01 -9.103268e+01
-6.764375e-01 7.689451e-03 7.364599e-01 3.475962e+02 6.311122e-02 9.968727e-01 4.755913e-02 7.239422e-01 -7.337910e-01 7.864967e-02 -6.748074e-01 -9.114333e+01
-6.808398e-01 7.454406e-03 7.323945e-01 3.476133e+02 6.210823e-02 9.969342e-01 4.758939e-02 7.478869e-01 -7.297943e-01 7.788847e-02 -6.792154e-01 -9.120127e+01
-6.852970e-01 9.564555e-03 7.282009e-01 3.475487e+02 6.456505e-02 9.967743e-01 4.766889e-02 7.538321e-01 -7.253960e-01 7.968368e-02 -6.837039e-01 -9.133799e+01
-6.910496e-01 8.458203e-03 7.227578e-01 3.473529e+02 6.660917e-02 9.964218e-01 5.202615e-02 6.869196e-01 -7.197316e-01 8.409495e-02 -6.891403e-01 -9.109289e+01
-6.941039e-01 7.939391e-03 7.198311e-01 3.471772e+02 6.776726e-02 9.962193e-01 5.435740e-02 7.030232e-01 -7.166780e-01 8.651066e-02 -6.920177e-01 -9.105122e+01
-6.946111e-01 8.962228e-03 7.193296e-01 3.471095e+02 7.054622e-02 9.959514e-01 5.571331e-02 7.365337e-01 -7.159181e-01 8.944507e-02 -6.924311e-01 -9.115138e+01
-6.961601e-01 1.068166e-02 7.178071e-01 3.470452e+02 7.092745e-02 9.960205e-01 5.396673e-02 7.661416e-01 -7.143742e-01 8.848171e-02 -6.941473e-01 -9.128020e+01
-7.015843e-01 1.086558e-02 7.125036e-01 3.471432e+02 6.755541e-02 9.963945e-01 5.132524e-02 7.679435e-01 -7.093770e-01 8.414245e-02 -6.997888e-01 -9.141819e+01
-7.052381e-01 9.874991e-03 7.089018e-01 3.470733e+02 6.413719e-02 9.966916e-01 4.992182e-02 7.648219e-01 -7.060635e-01 8.067374e-02 -7.035382e-01 -9.141198e+01
-7.069544e-01 7.731856e-03 7.072169e-01 3.469028e+02 6.205470e-02 9.967620e-01 5.113428e-02 7.404144e-01 -7.045315e-01 8.003573e-02 -7.051451e-01 -9.137907e+01
-7.089231e-01 5.696721e-03 7.052628e-01 3.468412e+02 5.832441e-02 9.970158e-01 5.057377e-02 7.351255e-01 -7.028701e-01 7.698695e-02 -7.071398e-01 -9.143357e+01
-7.066404e-01 4.159933e-03 7.075606e-01 3.467607e+02 5.497977e-02 9.972822e-01 4.904498e-02 7.228496e-01 -7.054336e-01 7.355869e-02 -7.049486e-01 -9.156952e+01
-7.052053e-01 1.784882e-03 7.090009e-01 3.469200e+02 5.105780e-02 9.975283e-01 4.827324e-02 7.272666e-01 -7.071623e-01 7.024257e-02 -7.035535e-01 -9.173297e+01
-7.043395e-01 -1.282838e-03 7.098621e-01 3.468061e+02 4.911510e-02 9.975138e-01 5.053566e-02 6.252797e-01 -7.081621e-01 7.045921e-02 -7.025254e-01 -9.164551e+01
-7.025333e-01 -1.824202e-03 7.116485e-01 3.465612e+02 5.228801e-02 9.971615e-01 5.417434e-02 6.115300e-01 -7.097273e-01 7.526996e-02 -7.004438e-01 -9.171283e+01
-7.022741e-01 -2.247679e-03 7.119031e-01 3.465559e+02 5.838053e-02 9.964450e-01 6.073695e-02 6.225295e-01 -7.095088e-01 8.421527e-02 -6.996464e-01 -9.184998e+01
-7.016423e-01 -2.364637e-03 7.125254e-01 3.469161e+02 6.319465e-02 9.958472e-01 6.553431e-02 7.576678e-01 -7.097214e-01 9.100943e-02 -6.985791e-01 -9.241415e+01
-6.975288e-01 -2.212218e-03 7.165534e-01 3.472336e+02 6.025468e-02 9.962724e-01 6.173071e-02 9.683713e-01 -7.140189e-01 8.623464e-02 -6.947954e-01 -9.325989e+01
-6.949703e-01 -1.219949e-03 7.190375e-01 3.477477e+02 5.434423e-02 9.970493e-01 5.421689e-02 1.162526e+00 -7.169819e-01 7.675467e-02 -6.928533e-01 -9.412329e+01
-6.932263e-01 -1.561679e-03 7.207183e-01 3.483699e+02 5.155869e-02 9.973281e-01 5.175302e-02 1.255549e+00 -7.188734e-01 7.303585e-02 -6.912935e-01 -9.494093e+01
