1.000000e+00 0.000000e+00 0.000000e+00 0.000000e+00 0.000000e+00 1.000000e+00 0.000000e+00 0.000000e+00 0.000000e+00 0.000000e+00 1.000000e+00 0.000000e+00
9.999986e-01 7.677211e-04 1.506729e-03 -5.038973e-03 -7.609958e-04 9.999898e-01 -4.459030e-03 -3.080848e-03 -1.510137e-03 4.457877e-03 9.999889e-01 9.733779e-01
9.999965e-01 -8.434814e-04 2.525973e-03 -1.994849e-02 8.572141e-04 9.999848e-01 -5.440460e-03 2.983922e-03 -2.521346e-03 5.442606e-03 9.999820e-01 1.959239e+00
9.999941e-01 -2.740178e-03 2.070926e-03 -4.932733e-03 2.743522e-03 9.999949e-01 -1.613680e-03 1.067149e-02 -2.066493e-03 1.619352e-03 9.999966e-01 2.933563e+00
9.999872e-01 -4.730127e-03 1.820856e-03 -1.403557e-02 4.721756e-03 9.999784e-01 4.574263e-03 5.137040e-03 -1.842454e-03 -4.565606e-03 9.999879e-01 3.907970e+00
9.999631e-01 -8.586798e-03 2.415882e-04 -1.261879e-02 8.585592e-03 9.999525e-01 4.616140e-03 9.158500e-03 -2.812146e-04 -4.613896e-03 9.999893e-01 4.872436e+00
9.999390e-01 -1.101025e-02 -9.063370e-04 -6.794373e-03 1.101179e-02 9.999379e-01 1.712759e-03 1.831867e-02 8.874228e-04 -1.722635e-03 9.999981e-01 5.855947e+00
9.999374e-01 -1.113686e-02 -1.092900e-03 -2.638197e-02 1.113481e-02 9.999363e-01 -1.869719e-03 2.018715e-02 1.113653e-03 1.857433e-03 9.999977e-01 6.822591e+00
9.999390e-01 -1.088362e-02 -1.898537e-03 -3.470346e-02 1.087911e-02 9.999380e-01 -2.369864e-03 2.158696e-02 1.924212e-03 2.349065e-03 9.999954e-01 7.784554e+00
9.999414e-01 -1.056453e-02 -2.347567e-03 -6.319953e-02 1.056373e-02 9.999441e-01 -3.521326e-04 1.902840e-02 2.351156e-03 3.273129e-04 9.999972e-01 8.727011e+00
9.999437e-01 -1.024914e-02 -2.748351e-03 -7.718822e-02 1.025514e-02 9.999450e-01 2.180194e-03 2.493222e-02 2.725855e-03 -2.208256e-03 9.999938e-01 9.682076e+00
9.999405e-01 -1.060162e-02 -2.571574e-03 -1.078165e-01 1.061077e-02 9.999373e-01 3.567565e-03 3.031628e-02 2.533591e-03 -3.594639e-03 9.999903e-01 1.063728e+01
9.999277e-01 -1.188509e-02 -1.848444e-03 -1.431146e-01 1.189338e-02 9.999190e-01 4.541952e-03 3.059427e-02 1.794313e-03 -4.563608e-03 9.999880e-01 1.159257e+01
9.999219e-01 -1.234922e-02 -1.895596e-03 -1.720226e-01 1.235686e-02 9.999154e-01 4.070517e-03 4.000673e-02 1.845168e-03 -4.093623e-03 9.999899e-01 1.253032e+01
9.999158e-01 -1.180804e-02 -5.388127e-03 -9.811696e-02 1.182610e-02 9.999245e-01 3.333402e-03 1.194283e-02 5.348359e-03 -3.396841e-03 9.999799e-01 1.356318e+01
9.999094e-01 -1.173619e-02 -6.593120e-03 -1.088294e-01 1.174330e-02 9.999305e-01 1.040757e-03 2.090251e-02 6.580447e-03 -1.118087e-03 9.999777e-01 1.449925e+01
9.998786e-01 -1.313951e-02 -8.378769e-03 -1.164886e-01 1.313788e-02 9.999137e-01 -2.499911e-04 2.432000e-02 8.381331e-03 1.398815e-04 9.999649e-01 1.540837e+01
9.998754e-01 -1.284880e-02 -9.165563e-03 -1.455075e-01 1.283696e-02 9.999167e-01 -1.350390e-03 3.148786e-02 9.182150e-03 1.232564e-03 9.999571e-01 1.633825e+01
9.998703e-01 -1.185358e-02 -1.090631e-02 -1.615736e-01 1.183487e-02 9.999284e-01 -1.778748e-03 2.550547e-02 1.092661e-02 1.649443e-03 9.999389e-01 1.724811e+01
9.998637e-01 -1.070648e-02 -1.257056e-02 -1.782537e-01 1.068293e-02 9.999411e-01 -1.938471e-03 2.595404e-02 1.259057e-02 1.803916e-03 9.999191e-01 1.818405e+01
9.998380e-01 -1.115117e-02 -1.413109e-02 -1.947268e-01 1.113891e-02 9.999375e-01 -9.456317e-04 2.348813e-02 1.414075e-02 7.880735e-04 9.998997e-01 1.909502e+01
9.998303e-01 -1.064653e-02 -1.503635e-02 -2.199228e-01 1.064866e-02 9.999433e-01 6.159088e-05 2.632030e-02 1.503485e-02 -2.216975e-04 9.998869e-01 2.000329e+01
9.998124e-01 -9.996277e-03 -1.659320e-02 -2.284933e-01 1.000566e-02 9.999498e-01 4.822739e-04 2.830222e-02 1.658755e-02 -6.482092e-04 9.998622e-01 2.092575e+01
9.997714e-01 -1.124567e-02 -1.818330e-02 -2.482397e-01 1.125341e-02 9.999366e-01 3.231479e-04 2.839376e-02 1.817851e-02 -5.276980e-04 9.998346e-01 2.182205e+01
9.997394e-01 -1.093500e-02 -2.003721e-02 -2.662238e-01 1.093074e-02 9.999402e-01 -3.221929e-04 3.217143e-02 2.003954e-02 1.030874e-04 9.997992e-01 2.271296e+01
9.997153e-01 -1.086825e-02 -2.124243e-02 -2.886426e-01 1.087425e-02 9.999409e-01 1.669392e-04 3.026331e-02 2.123935e-02 -3.978871e-04 9.997743e-01 2.360329e+01
9.996918e-01 -1.074865e-02 -2.237663e-02 -3.069350e-01 1.079959e-02 9.999394e-01 2.156950e-03 3.112706e-02 2.235209e-02 -2.397944e-03 9.997473e-01 2.448180e+01
9.996576e-01 -1.220744e-02 -2.314506e-02 -3.346528e-01 1.232154e-02 9.999126e-01 4.793602e-03 3.547450e-02 2.308452e-02 -5.077144e-03 9.997206e-01 2.535395e+01
9.996244e-01 -1.158064e-02 -2.483652e-02 -3.400602e-01 1.173367e-02 9.999130e-01 6.024427e-03 3.289959e-02 2.476459e-02 -6.313588e-03 9.996734e-01 2.623673e+01
9.996242e-01 -1.090636e-02 -2.514902e-02 -3.732088e-01 1.103115e-02 9.999275e-01 4.828330e-03 3.543394e-02 2.509454e-02 -5.103938e-03 9.996721e-01 2.709207e+01
9.996150e-01 -9.286374e-03 -2.614475e-02 -4.003682e-01 9.352827e-03 9.999533e-01 2.420601e-03 3.563728e-02 2.612105e-02 -2.664196e-03 9.996552e-01 2.793495e+01
9.995826e-01 -9.317654e-03 -2.734587e-02 -4.169446e-01 9.336363e-03 9.999563e-01 5.565862e-04 3.940150e-02 2.733949e-02 -8.116649e-04 9.996259e-01 2.878545e+01
9.995700e-01 -8.205693e-03 -2.814967e-02 -4.478337e-01 8.219619e-03 9.999661e-01 3.790388e-04 4.034069e-02 2.814561e-02 -6.102554e-04 9.996036e-01 2.961436e+01
9.995360e-01 -8.216744e-03 -2.933099e-02 -4.775929e-01 8.208944e-03 9.999662e-01 -3.863325e-04 4.426354e-02 2.933318e-02 1.453768e-04 9.995697e-01 3.039653e+01
9.994934e-01 -7.982019e-03 -3.081052e-02 -5.107959e-01 7.955617e-03 9.999679e-01 -9.794080e-04 3.478828e-02 3.081735e-02 7.337951e-04 9.995248e-01 3.120013e+01
9.994214e-01 -7.994161e-03 -3.306027e-02 -5.346740e-01 7.962860e-03 9.999677e-01 -1.078339e-03 3.611923e-02 3.306783e-02 8.144604e-04 9.994528e-01 3.204916e+01
9.993638e-01 -8.120975e-03 -3.472948e-02 -5.730749e-01 8.107005e-03 9.999670e-01 -5.430494e-04 4.723421e-02 3.473275e-02 2.611518e-04 9.993966e-01 3.285354e+01
9.992912e-01 -7.931277e-03 -3.679950e-02 -6.041542e-01 8.003743e-03 9.999663e-01 1.822299e-03 4.734304e-02 3.678381e-02 -2.115541e-03 9.993210e-01 3.366848e+01
9.992159e-01 -6.926358e-03 -3.898242e-02 -6.393443e-01 7.072632e-03 9.999685e-01 3.615649e-03 4.371303e-02 3.895614e-02 -3.888522e-03 9.992334e-01 3.445229e+01
9.991624e-01 -5.391677e-03 -4.056281e-02 -6.778522e-01 5.545977e-03 9.999778e-01 3.692394e-03 5.025817e-02 4.054200e-02 -3.914261e-03 9.991702e-01 3.520367e+01
9.990823e-01 -3.270786e-03 -4.270646e-02 -7.137557e-01 3.407241e-03 9.999893e-01 3.122778e-03 4.505085e-02 4.269579e-02 -3.265424e-03 9.990828e-01 3.595099e+01
9.990155e-01 -2.045660e-03 -4.431463e-02 -7.556643e-01 2.149161e-03 9.999951e-01 2.288092e-03 5.506977e-02 4.430973e-02 -2.381078e-03 9.990150e-01 3.670709e+01
9.989358e-01 -1.648399e-03 -4.609272e-02 -8.082518e-01 1.831341e-03 9.999906e-01 3.927046e-03 3.969332e-02 4.608581e-02 -4.007278e-03 9.989294e-01 3.746514e+01
9.988866e-01 -3.719465e-04 -4.717377e-02 -8.462468e-01 6.501197e-04 9.999825e-01 5.881570e-03 4.470942e-02 4.717076e-02 -5.905690e-03 9.988694e-01 3.818928e+01
9.988772e-01 2.333892e-03 -4.731781e-02 -8.841091e-01 -2.040878e-03 9.999784e-01 6.239821e-03 4.819580e-02 4.733136e-02 -6.136245e-03 9.988604e-01 3.889487e+01
9.989168e-01 5.617712e-03 -4.619197e-02 -9.273126e-01 -5.427279e-03 9.999763e-01 4.247031e-03 4.532460e-02 4.621473e-02 -3.991733e-03 9.989236e-01 3.957801e+01
9.989742e-01 7.204570e-03 -4.470613e-02 -9.585142e-01 -7.163021e-03 9.999738e-01 1.089510e-03 5.134495e-02 4.471281e-02 -7.681610e-04 9.989996e-01 4.025378e+01
9.990615e-01 7.536949e-03 -4.265234e-02 -9.783556e-01 -7.568796e-03 9.999712e-01 -5.852054e-04 4.943493e-02 4.264670e-02 9.074830e-04 9.990898e-01 4.094465e+01
9.991755e-01 8.777771e-03 -3.964026e-02 -1.009664e+00 -8.784619e-03 9.999614e-01 1.419781e-06 5.640636e-02 3.963874e-02 3.468060e-04 9.992140e-01 4.161911e+01
9.992321e-01 1.387173e-02 -3.664400e-02 -1.042613e+00 -1.379011e-02 9.999018e-01 2.479070e-03 6.152615e-02 3.667479e-02 -1.971842e-03 9.993253e-01 4.230070e+01
9.992965e-01 1.793260e-02 -3.293673e-02 -1.088774e+00 -1.775169e-02 9.998257e-01 5.776813e-03 7.324909e-02 3.303458e-02 -5.188067e-03 9.994407e-01 4.298560e+01
9.993306e-01 2.259473e-02 -2.877098e-02 -1.112035e+00 -2.240363e-02 9.997249e-01 6.947082e-03 7.658828e-02 2.892003e-02 -6.297858e-03 9.995619e-01 4.360908e+01
9.993868e-01 2.594824e-02 -2.350927e-02 -1.127144e+00 -2.579022e-02 9.996429e-01 7.000101e-03 8.191014e-02 2.368252e-02 -6.389500e-03 9.996991e-01 4.421701e+01
9.993934e-01 3.020217e-02 -1.733736e-02 -1.158981e+00 -3.004902e-02 9.995077e-01 9.027512e-03 8.377718e-02 1.760148e-02 -8.501065e-03 9.998089e-01 4.481727e+01
9.993350e-01 3.464680e-02 -1.136526e-02 -1.159748e+00 -3.453514e-02 9.993547e-01 9.878042e-03 9.818706e-02 1.170017e-02 -9.478972e-03 9.998866e-01 4.539095e+01
9.992900e-01 3.740056e-02 -4.558745e-03 -1.150783e+00 -3.735612e-02 9.992571e-01 9.471055e-03 9.879163e-02 4.909581e-03 -9.294033e-03 9.999448e-01 4.592236e+01
9.991512e-01 4.111973e-02 2.445326e-03 -1.151164e+00 -4.114160e-02 9.991063e-01 9.690836e-03 9.998513e-02 -2.044657e-03 -9.783216e-03 9.999501e-01 4.644706e+01
9.989188e-01 4.542071e-02 9.906240e-03 -1.144708e+00 -4.551128e-02 9.989222e-01 9.117366e-03 1.055975e-01 -9.481446e-03 -9.558355e-03 9.999094e-01 4.696526e+01
9.986377e-01 4.934488e-02 1.696541e-02 -1.130997e+00 -4.945734e-02 9.987565e-01 6.274138e-03 1.105252e-01 -1.663472e-02 -7.104655e-03 9.998364e-01 4.744189e+01
9.983799e-01 5.122040e-02 2.477858e-02 -1.113394e+00 -5.131758e-02 9.986769e-01 3.301847e-03 1.116702e-01 -2.457667e-02 -4.568074e-03 9.996875e-01 4.790873e+01
9.981157e-01 5.208611e-02 3.243542e-02 -1.100444e+00 -5.220998e-02 9.986317e-01 2.983369e-03 1.109606e-01 -3.223564e-02 -4.671201e-03 9.994694e-01 4.832421e+01
9.978698e-01 5.124948e-02 4.036628e-02 -1.082940e+00 -5.147342e-02 9.986641e-01 4.527525e-03 1.080653e-01 -4.008032e-02 -6.595670e-03 9.991747e-01 4.873811e+01
9.975118e-01 5.228641e-02 4.728933e-02 -1.049023e+00 -5.259327e-02 9.986021e-01 5.267356e-03 1.082295e-01 -4.694781e-02 -7.741351e-03 9.988673e-01 4.909808e+01
9.968868e-01 5.531616e-02 5.618603e-02 -1.051547e+00 -5.572070e-02 9.984304e-01 5.657958e-03 1.010827e-01 -5.578486e-02 -8.771069e-03 9.984043e-01 4.942425e+01
9.961225e-01 6.019939e-02 6.415678e-02 -9.912322e-01 -6.063798e-02 9.981478e-01 4.909346e-03 1.079924e-01 -6.374240e-02 -8.780647e-03 9.979278e-01 4.981710e+01
9.953492e-01 6.336916e-02 7.255592e-02 -9.606455e-01 -6.388058e-02 9.979463e-01 4.747591e-03 1.070615e-01 -7.210606e-02 -9.360424e-03 9.973530e-01 5.012778e+01
9.946677e-01 6.303389e-02 8.162700e-02 -9.087968e-01 -6.370393e-02 9.979530e-01 5.627776e-03 9.903274e-02 -8.110517e-02 -1.079773e-02 9.966471e-01 5.044171e+01
9.938123e-01 6.204676e-02 9.212654e-02 -8.624655e-01 -6.265766e-02 9.980280e-01 3.750879e-03 9.806304e-02 -9.171214e-02 -9.500103e-03 9.957402e-01 5.074134e+01
9.926269e-01 6.100861e-02 1.047363e-01 -8.471300e-01 -6.130863e-02 9.981188e-01 -3.556043e-04 8.230546e-02 -1.045610e-01 -6.068259e-03 9.945000e-01 5.100404e+01
9.910839e-01 6.127847e-02 1.183117e-01 -8.261264e-01 -6.111711e-02 9.981181e-01 -4.994955e-03 1.030053e-01 -1.183951e-01 -2.280451e-03 9.929639e-01 5.127771e+01
9.886083e-01 6.430797e-02 1.360809e-01 -8.233707e-01 -6.397849e-02 9.979281e-01 -6.797881e-03 7.187911e-02 -1.362362e-01 -1.985811e-03 9.906744e-01 5.162035e+01
9.862235e-01 6.579735e-02 1.517693e-01 -7.595537e-01 -6.534335e-02 9.978309e-01 -7.982399e-03 6.588008e-02 -1.519653e-01 -2.044686e-03 9.883837e-01 5.187078e+01
9.834534e-01 6.628505e-02 1.685991e-01 -7.011604e-01 -6.561996e-02 9.977993e-01 -9.519608e-03 7.106275e-02 -1.688590e-01 -1.701372e-03 9.856387e-01 5.215169e+01
9.801678e-01 6.578299e-02 1.869323e-01 -6.481941e-01 -6.497276e-02 9.978322e-01 -1.046463e-02 6.121241e-02 -1.872155e-01 -1.888413e-03 9.823171e-01 5.240697e+01
9.764099e-01 6.448984e-02 2.060696e-01 -5.727664e-01 -6.357354e-02 9.979157e-01 -1.107194e-02 6.508320e-02 -2.063541e-01 -2.289821e-03 9.784747e-01 5.265083e+01
9.719424e-01 6.485521e-02 2.261014e-01 -4.932014e-01 -6.381109e-02 9.978907e-01 -1.193141e-02 5.224477e-02 -2.263983e-01 -2.831140e-03 9.740307e-01 5.289566e+01
9.666558e-01 6.713289e-02 2.471230e-01 -4.150060e-01 -6.562418e-02 9.977413e-01 -1.434615e-02 5.432886e-02 -2.475279e-01 -2.349448e-03 9.688779e-01 5.314659e+01
9.604854e-01 6.830397e-02 2.698191e-01 -3.308468e-01 -6.632256e-02 9.976624e-01 -1.646455e-02 4.728432e-02 -2.703130e-01 -2.081131e-03 9.627703e-01 5.338892e+01
9.532303e-01 6.959700e-02 2.941228e-01 -2.311434e-01 -6.746942e-02 9.975698e-01 -1.738721e-02 3.822226e-02 -2.946182e-01 -3.270276e-03 9.556095e-01 5.363554e+01
9.447461e-01 7.216901e-02 3.197600e-01 -1.211280e-01 -6.994296e-02 9.973802e-01 -1.845636e-02 3.002770e-02 -3.202542e-01 -4.928380e-03 9.473188e-01 5.391718e+01
9.352271e-01 7.449125e-02 3.461234e-01 1.362508e-02 -7.204472e-02 9.972019e-01 -1.994849e-02 2.731181e-02 -3.466409e-01 -6.279993e-03 9.379769e-01 5.415484e+01
9.240596e-01 7.504473e-02 3.748094e-01 1.253511e-01 -7.243742e-02 9.971505e-01 -2.106243e-02 1.678428e-02 -3.753221e-01 -7.687283e-03 9.268626e-01 5.439146e+01
9.113236e-01 7.345732e-02 4.050843e-01 2.519593e-01 -7.008602e-02 9.972718e-01 -2.317018e-02 3.034002e-03 -4.056812e-01 -7.275211e-03 9.139857e-01 5.462942e+01
8.965462e-01 7.070422e-02 4.372708e-01 3.847672e-01 -6.615480e-02 9.974797e-01 -2.564814e-02 -8.124143e-03 -4.379822e-01 -5.932820e-03 8.989641e-01 5.482194e+01
8.794549e-01 7.042511e-02 4.707434e-01 5.631311e-01 -6.377052e-02 9.975107e-01 -3.009389e-02 -1.430727e-02 -4.716910e-01 -3.553335e-03 8.817568e-01 5.505656e+01
8.600736e-01 7.229214e-02 5.050220e-01 7.495897e-01 -6.296529e-02 9.973827e-01 -3.553933e-02 -1.684915e-02 -5.062694e-01 -1.232419e-03 8.623745e-01 5.531777e+01
8.381946e-01 7.388858e-02 5.403428e-01 9.307410e-01 -6.213110e-02 9.972665e-01 -3.999063e-02 -2.900557e-02 -5.418206e-01 -5.215938e-05 8.404942e-01 5.555375e+01
8.137404e-01 7.718326e-02 5.760810e-01 1.139687e+00 -6.352164e-02 9.970165e-01 -4.385297e-02 -3.535106e-02 -5.777470e-01 -9.086703e-04 8.162154e-01 5.578845e+01
7.864116e-01 8.108771e-02 6.123574e-01 1.353189e+00 -6.637844e-02 9.966994e-01 -4.673627e-02 -5.129066e-02 -6.141259e-01 -3.893381e-03 7.891984e-01 5.602000e+01
7.566192e-01 8.544302e-02 6.482491e-01 1.584353e+00 -7.000077e-02 9.963122e-01 -4.961673e-02 -6.598680e-02 -6.500979e-01 -7.836956e-03 7.598101e-01 5.625235e+01
7.234762e-01 8.627371e-02 6.849372e-01 1.846467e+00 -6.920905e-02 9.962261e-01 -5.238001e-02 -8.525286e-02 -6.868714e-01 -9.508164e-03 7.267168e-01 5.649579e+01
6.871377e-01 8.419942e-02 7.216316e-01 2.149089e+00 -6.598061e-02 9.963893e-01 -5.343118e-02 -1.037400e-01 -7.235249e-01 -1.089912e-02 6.902122e-01 5.672813e+01
6.483945e-01 8.368690e-02 7.566908e-01 2.483945e+00 -6.370401e-02 9.964181e-01 -5.561296e-02 -1.128195e-01 -7.586345e-01 -1.214510e-02 6.514032e-01 5.696253e+01
6.058834e-01 8.301409e-02 7.912104e-01 2.826888e+00 -6.120326e-02 9.964572e-01 -5.768119e-02 -1.323699e-01 -7.931957e-01 -1.347658e-02 6.088177e-01 5.719613e+01
5.599222e-01 8.251704e-02 8.244259e-01 3.194505e+00 -5.728704e-02 9.965027e-01 -6.083284e-02 -1.525907e-01 -8.265623e-01 -1.316726e-02 5.626911e-01 5.741025e+01
5.116990e-01 8.152964e-02 8.552877e-01 3.585436e+00 -5.395505e-02 9.965718e-01 -6.271737e-02 -1.780210e-01 -8.574689e-01 -1.405467e-02 5.143437e-01 5.761677e+01
4.632191e-01 7.956812e-02 8.826647e-01 4.007499e+00 -5.152209e-02 9.966948e-01 -6.280881e-02 -2.010749e-01 -8.847449e-01 -1.638249e-02 4.657876e-01 5.780450e+01
4.139591e-01 7.759472e-02 9.069823e-01 4.429132e+00 -5.118663e-02 9.967681e-01 -6.191385e-02 -2.222033e-01 -9.088552e-01 -2.079557e-02 4.165930e-01 5.796354e+01
3.641338e-01 7.736348e-02 9.281279e-01 4.885986e+00 -5.358898e-02 9.966334e-01 -6.204907e-02 -2.405544e-01 -9.298036e-01 -2.714326e-02 3.670538e-01 5.811962e+01
3.149030e-01 7.789325e-02 9.459222e-01 5.355955e+00 -5.121284e-02 9.965693e-01 -6.501481e-02 -2.607887e-01 -9.477412e-01 -2.797000e-02 3.178118e-01 5.825007e+01
2.683446e-01 7.453505e-02 9.604352e-01 5.821554e+00 -3.971774e-02 9.970105e-01 -6.627641e-02 -2.897052e-01 -9.625039e-01 -2.036140e-02 2.705027e-01 5.833048e+01
2.252560e-01 6.855863e-02 9.718845e-01 6.311368e+00 -2.614589e-02 9.975873e-01 -6.431186e-02 -3.186835e-01 -9.739487e-01 -1.092415e-02 2.265051e-01 5.838295e+01
1.833709e-01 6.765992e-02 9.807126e-01 6.852659e+00 -1.788597e-02 9.976931e-01 -6.548714e-02 -3.517809e-01 -9.828811e-01 -5.532560e-03 1.841581e-01 5.844049e+01
1.444446e-01 6.932051e-02 9.870818e-01 7.404419e+00 -1.399796e-02 9.975864e-01 -6.800984e-02 -3.746413e-01 -9.894139e-01 -3.993470e-03 1.450664e-01 5.851050e+01
1.119691e-01 6.980861e-02 9.912566e-01 7.949406e+00 -5.138169e-03 9.975567e-01 -6.967190e-02 -4.135233e-01 -9.936984e-01 2.707858e-03 1.120542e-01 5.854640e+01
8.342458e-02 6.820702e-02 9.941771e-01 8.524486e+00 1.956365e-03 9.976417e-01 -6.860888e-02 -4.466683e-01 -9.965122e-01 7.668640e-03 8.309440e-02 5.856066e+01
5.860679e-02 6.643224e-02 9.960683e-01 9.108770e+00 9.261829e-03 9.977042e-01 -6.708629e-02 -4.871395e-01 -9.982382e-01 1.315713e-02 5.785695e-02 5.857344e+01
3.868491e-02 6.544897e-02 9.971058e-01 9.707502e+00 1.375272e-02 9.977233e-01 -6.602307e-02 -5.199531e-01 -9.991568e-01 1.626701e-02 3.769674e-02 5.858195e+01
2.099244e-02 6.717276e-02 9.975205e-01 1.044521e+01 1.534497e-02 9.976012e-01 -6.750113e-02 -5.738230e-01 -9.996619e-01 1.672394e-02 1.991132e-02 5.871262e+01
7.875440e-03 6.685707e-02 9.977315e-01 1.107287e+01 1.633261e-02 9.976207e-01 -6.697857e-02 -6.065737e-01 -9.998356e-01 1.682305e-02 6.764751e-03 5.870815e+01
-4.130935e-03 6.771384e-02 9.976962e-01 1.168656e+01 1.664639e-02 9.975712e-01 -6.763643e-02 -6.494837e-01 -9.998529e-01 1.632864e-02 -5.248093e-03 5.870489e+01
-1.292895e-02 7.049249e-02 9.974285e-01 1.232014e+01 2.129590e-02 9.973050e-01 -7.020772e-02 -6.873756e-01 -9.996896e-01 2.033343e-02 -1.439531e-02 5.868353e+01
-1.925331e-02 7.253264e-02 9.971802e-01 1.295297e+01 2.612412e-02 9.970610e-01 -7.201958e-02 -7.207043e-01 -9.994733e-01 2.466384e-02 -2.109158e-02 5.866455e+01
-2.385652e-02 7.164096e-02 9.971451e-01 1.362833e+01 2.637435e-02 9.971270e-01 -7.100865e-02 -7.672205e-01 -9.993674e-01 2.460503e-02 -2.567747e-02 5.864745e+01
-2.708433e-02 6.919432e-02 9.972355e-01 1.430143e+01 2.456737e-02 9.973462e-01 -6.853477e-02 -7.982920e-01 -9.993312e-01 2.264324e-02 -2.871237e-02 5.862306e+01
-2.999351e-02 6.209146e-02 9.976197e-01 1.498777e+01 2.209497e-02 9.978660e-01 -6.144250e-02 -8.397426e-01 -9.993059e-01 2.019950e-02 -3.130142e-02 5.861673e+01
-3.073540e-02 5.604742e-02 9.979549e-01 1.572245e+01 2.350788e-02 9.981910e-01 -5.533668e-02 -8.929026e-01 -9.992511e-01 2.175901e-02 -3.199735e-02 5.857984e+01
-3.164029e-02 5.336683e-02 9.980736e-01 1.643196e+01 2.587856e-02 9.982825e-01 -5.255762e-02 -9.285709e-01 -9.991642e-01 2.416577e-02 -3.296700e-02 5.856650e+01
-3.104128e-02 5.566596e-02 9.979668e-01 1.714007e+01 2.956377e-02 9.980622e-01 -5.475172e-02 -9.643430e-01 -9.990808e-01 2.780410e-02 -3.262683e-02 5.853338e+01
-3.031884e-02 6.274927e-02 9.975687e-01 1.783597e+01 3.035398e-02 9.976250e-01 -6.183028e-02 -1.002057e+00 -9.990793e-01 2.840556e-02 -3.215153e-02 5.851587e+01
-2.824112e-02 7.091756e-02 9.970823e-01 1.856866e+01 3.092246e-02 9.970648e-01 -7.004047e-02 -1.038071e+00 -9.991227e-01 2.885422e-02 -3.035117e-02 5.849987e+01
-2.590575e-02 7.169106e-02 9.970904e-01 1.936852e+01 3.173414e-02 9.969814e-01 -7.085873e-02 -1.081756e+00 -9.991606e-01 2.980616e-02 -2.810261e-02 5.849956e+01
-2.383261e-02 6.732226e-02 9.974466e-01 2.011734e+01 3.127571e-02 9.972918e-01 -6.656452e-02 -1.124040e+00 -9.992266e-01 2.960944e-02 -2.587362e-02 5.848174e+01
-2.151041e-02 6.092351e-02 9.979106e-01 2.088105e+01 3.037397e-02 9.977206e-01 -6.025718e-02 -1.172764e+00 -9.993071e-01 2.901435e-02 -2.331187e-02 5.847229e+01
-1.863353e-02 5.959593e-02 9.980487e-01 2.164714e+01 2.904921e-02 9.978328e-01 -5.904070e-02 -1.207881e+00 -9.994043e-01 2.789239e-02 -2.032436e-02 5.845490e+01
-1.476851e-02 6.497399e-02 9.977777e-01 2.240625e+01 3.725642e-02 9.972293e-01 -6.438683e-02 -1.246520e+00 -9.991966e-01 3.622273e-02 -1.714829e-02 5.842810e+01
-1.159379e-02 7.057295e-02 9.974392e-01 2.314993e+01 3.832107e-02 9.968049e-01 -7.008263e-02 -1.294492e+00 -9.991982e-01 3.741042e-02 -1.426117e-02 5.841569e+01
-9.015402e-03 7.081718e-02 9.974486e-01 2.391744e+01 3.239333e-02 9.969863e-01 -7.049157e-02 -1.342076e+00 -9.994345e-01 3.167517e-02 -1.128224e-02 5.841564e+01
-6.103184e-03 6.718103e-02 9.977221e-01 2.467731e+01 2.782929e-02 9.973657e-01 -6.698680e-02 -1.396308e+00 -9.995941e-01 2.735706e-02 -7.956706e-03 5.843383e+01
-1.495080e-03 6.330421e-02 9.979932e-01 2.546550e+01 3.145572e-02 9.975034e-01 -6.322602e-02 -1.453158e+00 -9.995040e-01 3.129806e-02 -3.482626e-03 5.843343e+01
1.769425e-03 6.432035e-02 9.979277e-01 2.625681e+01 3.609679e-02 9.972748e-01 -6.434227e-02 -1.506511e+00 -9.993467e-01 3.613583e-02 -5.571550e-04 5.846364e+01
4.685614e-03 6.902389e-02 9.976040e-01 2.701724e+01 3.608869e-02 9.969534e-01 -6.914838e-02 -1.546653e+00 -9.993376e-01 3.632622e-02 2.180357e-03 5.846805e+01
8.506497e-03 6.966638e-02 9.975341e-01 2.777691e+01 3.270929e-02 9.970170e-01 -6.990920e-02 -1.593575e+00 -9.994287e-01 3.322331e-02 6.202384e-03 5.847480e+01
1.164928e-02 6.890863e-02 9.975550e-01 2.854892e+01 3.156369e-02 9.971002e-01 -6.924581e-02 -1.641624e+00 -9.994339e-01 3.229317e-02 9.440490e-03 5.850053e+01
1.736423e-02 6.642727e-02 9.976402e-01 2.936473e+01 3.632753e-02 9.970899e-01 -6.702292e-02 -1.679542e+00 -9.991891e-01 3.740560e-02 1.490056e-02 5.844430e+01
2.096723e-02 6.678433e-02 9.975471e-01 3.013066e+01 4.073854e-02 9.968807e-01 -6.759599e-02 -1.733866e+00 -9.989498e-01 4.205592e-02 1.818113e-02 5.845975e+01
2.152625e-02 6.599065e-02 9.975880e-01 3.119326e+01 4.293444e-02 9.968377e-01 -6.686747e-02 -1.839776e+00 -9.988460e-01 4.427029e-02 1.862491e-02 5.845196e+01
2.430697e-02 6.621270e-02 9.975094e-01 3.199198e+01 4.323247e-02 9.968012e-01 -6.721917e-02 -1.880864e+00 -9.987693e-01 4.475869e-02 2.136667e-02 5.846471e+01
2.783123e-02 6.447116e-02 9.975314e-01 3.278324e+01 4.464657e-02 9.968419e-01 -6.567224e-02 -1.929443e+00 -9.986151e-01 4.636410e-02 2.486492e-02 5.848584e+01
3.100590e-02 6.303815e-02 9.975294e-01 3.357291e+01 4.657653e-02 9.968339e-01 -6.444192e-02 -1.992836e+00 -9.984334e-01 4.845953e-02 2.797163e-02 5.851613e+01
3.363134e-02 6.376555e-02 9.973981e-01 3.435407e+01 4.434099e-02 9.968847e-01 -6.522787e-02 -2.032197e+00 -9.984502e-01 4.641932e-02 3.069914e-02 5.855380e+01
3.629757e-02 6.530231e-02 9.972051e-01 3.514068e+01 4.197224e-02 9.968826e-01 -6.680895e-02 -2.086196e+00 -9.984592e-01 4.427993e-02 3.344353e-02 5.859934e+01
3.923966e-02 6.574183e-02 9.970648e-01 3.591813e+01 4.352526e-02 9.967738e-01 -6.743558e-02 -2.121802e+00 -9.982814e-01 4.604365e-02 3.625164e-02 5.863851e+01
4.246199e-02 6.522675e-02 9.969666e-01 3.670218e+01 4.140012e-02 9.968947e-01 -6.698532e-02 -2.171076e+00 -9.982400e-01 4.411887e-02 3.962973e-02 5.866649e+01
4.436456e-02 6.542753e-02 9.968706e-01 3.748658e+01 3.994591e-02 9.969389e-01 -6.720976e-02 -2.221928e+00 -9.982165e-01 4.280264e-02 4.161520e-02 5.872028e+01
4.727956e-02 6.565510e-02 9.967217e-01 3.828932e+01 3.701488e-02 9.970370e-01 -6.743168e-02 -2.269094e+00 -9.981956e-01 4.008167e-02 4.470926e-02 5.876761e+01
5.000851e-02 6.708048e-02 9.964935e-01 3.908121e+01 3.566997e-02 9.969854e-01 -6.890367e-02 -2.332049e+00 -9.981116e-01 3.899066e-02 4.746499e-02 5.881892e+01
5.327900e-02 7.042647e-02 9.960931e-01 3.986148e+01 3.463098e-02 9.967795e-01 -7.232735e-02 -2.383337e+00 -9.979790e-01 3.834921e-02 5.066848e-02 5.886352e+01
5.590303e-02 7.208676e-02 9.958305e-01 4.064263e+01 3.466592e-02 9.966487e-01 -7.409203e-02 -2.444023e+00 -9.978342e-01 3.866334e-02 5.321673e-02 5.892233e+01
5.880954e-02 7.459282e-02 9.954785e-01 4.143252e+01 2.838128e-02 9.966764e-01 -7.635925e-02 -2.493157e+00 -9.978657e-01 3.274361e-02 5.649704e-02 5.898486e+01
6.142461e-02 7.388797e-02 9.953731e-01 4.223095e+01 2.481753e-02 9.968348e-01 -7.552797e-02 -2.548553e+00 -9.978031e-01 2.934198e-02 5.939647e-02 5.904420e+01
6.483585e-02 7.397719e-02 9.951501e-01 4.302631e+01 2.686357e-02 9.967575e-01 -7.584690e-02 -2.608108e+00 -9.975343e-01 3.165088e-02 6.263833e-02 5.910201e+01
6.896312e-02 7.543639e-02 9.947630e-01 4.383571e+01 2.628888e-02 9.966533e-01 -7.740225e-02 -2.664204e+00 -9.972728e-01 3.148910e-02 6.674918e-02 5.915899e+01
7.265974e-02 7.621131e-02 9.944407e-01 4.464901e+01 2.236129e-02 9.967011e-01 -7.801839e-02 -2.722690e+00 -9.971061e-01 2.790577e-02 7.071586e-02 5.922834e+01
7.642496e-02 7.443745e-02 9.942929e-01 4.546374e+01 2.146828e-02 9.968553e-01 -7.627942e-02 -2.775166e+00 -9.968442e-01 2.717541e-02 7.458658e-02 5.930705e+01
8.101737e-02 7.471874e-02 9.939081e-01 4.627063e+01 2.196337e-02 9.968102e-01 -7.672723e-02 -2.828656e+00 -9.964707e-01 2.804581e-02 7.911787e-02 5.938450e+01
8.580552e-02 7.798984e-02 9.932547e-01 4.709675e+01 1.882922e-02 9.966265e-01 -7.988122e-02 -2.893443e+00 -9.961340e-01 2.555646e-02 8.404757e-02 5.947201e+01
9.217837e-02 8.646283e-02 9.919815e-01 4.786148e+01 1.665027e-02 9.959498e-01 -8.835591e-02 -2.956102e+00 -9.956033e-01 2.466126e-02 9.036540e-02 5.953647e+01
9.710856e-02 8.857889e-02 9.913242e-01 4.878442e+01 1.439489e-02 9.958025e-01 -9.038914e-02 -3.058090e+00 -9.951697e-01 2.304757e-02 9.542586e-02 5.965561e+01
1.049718e-01 9.177065e-02 9.902318e-01 4.960352e+01 1.046229e-02 9.955760e-01 -9.337501e-02 -3.118691e+00 -9.944202e-01 2.016184e-02 1.035473e-01 5.974057e+01
1.109516e-01 8.955927e-02 9.897822e-01 5.045655e+01 6.999538e-03 9.958362e-01 -9.089168e-02 -3.200575e+00 -9.938012e-01 1.701259e-02 1.098627e-01 5.987405e+01
1.191977e-01 8.768496e-02 9.889910e-01 5.128139e+01 5.912080e-03 9.960123e-01 -8.902002e-02 -3.275321e+00 -9.928529e-01 1.645798e-02 1.182040e-01 5.995777e+01
1.263230e-01 8.388555e-02 9.884360e-01 5.213430e+01 4.939424e-03 9.963526e-01 -8.518867e-02 -3.357378e+00 -9.919769e-01 1.564359e-02 1.254479e-01 6.008456e+01
1.333058e-01 7.853840e-02 9.879581e-01 5.298107e+01 2.718349e-03 9.968224e-01 -7.960986e-02 -3.420536e+00 -9.910712e-01 1.329807e-02 1.326688e-01 6.021698e+01
1.402229e-01 7.087448e-02 9.875800e-01 5.381290e+01 4.165200e-04 9.974304e-01 -7.164055e-02 -3.483975e+00 -9.901199e-01 1.045699e-02 1.398331e-01 6.035383e+01
1.475649e-01 6.794323e-02 9.867159e-01 5.463811e+01 5.651773e-04 9.976317e-01 -6.877939e-02 -3.545412e+00 -9.890522e-01 1.070709e-02 1.471770e-01 6.048607e+01
1.546480e-01 6.947476e-02 9.855239e-01 5.546114e+01 4.457849e-04 9.975194e-01 -7.039034e-02 -3.608308e+00 -9.879695e-01 1.132506e-02 1.542334e-01 6.062383e+01
1.604496e-01 7.596929e-02 9.841162e-01 5.626916e+01 1.261541e-03 9.970171e-01 -7.717087e-02 -3.663470e+00 -9.870432e-01 1.362354e-02 1.598751e-01 6.076095e+01
1.656188e-01 7.975464e-02 9.829596e-01 5.708158e+01 1.291227e-05 9.967244e-01 -8.087365e-02 -3.718663e+00 -9.861898e-01 1.340689e-02 1.650753e-01 6.090809e+01
1.714711e-01 8.254003e-02 9.817254e-01 5.783352e+01 -1.709057e-03 9.965076e-01 -8.348436e-02 -3.783206e+00 -9.851877e-01 1.263733e-02 1.710134e-01 6.101889e+01
1.762909e-01 8.197526e-02 9.809187e-01 5.861288e+01 -4.228184e-03 9.965801e-01 -8.252419e-02 -3.846910e+00 -9.843290e-01 1.040076e-02 1.760346e-01 6.117780e+01
1.817022e-01 7.892946e-02 9.801808e-01 5.940608e+01 -2.938427e-04 9.967778e-01 -8.021147e-02 -3.910234e+00 -9.833536e-01 1.428658e-02 1.811399e-01 6.132205e+01
1.867495e-01 7.204560e-02 9.797622e-01 6.016269e+01 7.851210e-04 9.972960e-01 -7.348457e-02 -3.968455e+00 -9.824072e-01 1.449244e-02 1.861880e-01 6.145172e+01
1.900859e-01 6.573394e-02 9.795644e-01 6.093867e+01 -1.018031e-03 9.977687e-01 -6.675800e-02 -4.025119e+00 -9.817669e-01 1.169253e-02 1.897287e-01 6.160952e+01
1.936502e-01 6.254559e-02 9.790749e-01 6.170580e+01 -4.620322e-03 9.980128e-01 -6.284154e-02 -4.075090e+00 -9.810598e-01 7.645637e-03 1.935544e-01 6.176236e+01
1.971250e-01 6.204868e-02 9.784128e-01 6.246748e+01 -5.851486e-03 9.980518e-01 -6.211522e-02 -4.132923e+00 -9.803609e-01 6.519296e-03 1.971041e-01 6.191476e+01
2.008588e-01 6.255021e-02 9.776212e-01 6.326477e+01 -9.010994e-03 9.980352e-01 -6.200497e-02 -4.201171e+00 -9.795788e-01 3.644906e-03 2.010278e-01 6.208615e+01
2.027286e-01 6.685744e-02 9.769499e-01 6.399148e+01 -1.238453e-02 9.977618e-01 -6.571176e-02 -4.243907e+00 -9.791566e-01 1.222589e-03 2.031028e-01 6.224346e+01
2.044182e-01 7.071393e-02 9.763261e-01 6.470140e+01 -1.350323e-02 9.974961e-01 -6.942001e-02 -4.295182e+00 -9.787905e-01 1.007160e-03 2.048613e-01 6.240736e+01
2.066063e-01 7.636370e-02 9.754396e-01 6.540253e+01 -1.428940e-02 9.970788e-01 -7.503114e-02 -4.340678e+00 -9.783198e-01 1.563460e-03 2.070939e-01 6.255943e+01
2.080571e-01 7.841854e-02 9.749681e-01 6.609202e+01 -1.302635e-02 9.969147e-01 -7.740394e-02 -4.385900e+00 -9.780299e-01 3.404163e-03 2.084367e-01 6.270749e+01
2.091190e-01 7.843857e-02 9.747393e-01 6.678541e+01 -1.555353e-02 9.969185e-01 -7.688654e-02 -4.434834e+00 -9.777665e-01 9.178035e-04 2.096946e-01 6.287042e+01
2.101308e-01 7.550682e-02 9.747532e-01 6.746053e+01 -1.533575e-02 9.971451e-01 -7.393537e-02 -4.478679e+00 -9.775530e-01 5.875259e-04 2.106888e-01 6.301830e+01
2.106308e-01 7.294779e-02 9.748401e-01 6.814343e+01 -1.507789e-02 9.973357e-01 -7.137331e-02 -4.532255e+00 -9.774494e-01 3.348858e-04 2.111696e-01 6.317603e+01
2.102364e-01 7.158250e-02 9.750265e-01 6.882502e+01 -1.413376e-02 9.974342e-01 -7.018005e-02 -4.580599e+00 -9.775484e-01 9.736131e-04 2.107087e-01 6.334371e+01
2.085252e-01 7.103165e-02 9.754341e-01 6.946940e+01 -1.494958e-02 9.974741e-01 -6.944074e-02 -4.626702e+00 -9.779027e-01 -1.021827e-04 2.090604e-01 6.348630e+01
2.071815e-01 7.178748e-02 9.756651e-01 7.011536e+01 -1.591308e-02 9.974194e-01 -7.000899e-02 -4.672369e+00 -9.781731e-01 -1.021273e-03 2.077892e-01 6.362851e+01
2.050202e-01 7.436357e-02 9.759287e-01 7.074587e+01 -1.693900e-02 9.972298e-01 -7.242818e-02 -4.722476e+00 -9.786111e-01 -1.682009e-03 2.057119e-01 6.376246e+01
2.027081e-01 7.807875e-02 9.761215e-01 7.135421e+01 -1.535743e-02 9.969471e-01 -7.655533e-02 -4.772953e+00 -9.791188e-01 5.276679e-04 2.032883e-01 6.389004e+01
2.013071e-01 7.840994e-02 9.763848e-01 7.196388e+01 -1.332099e-02 9.969179e-01 -7.731241e-02 -4.818876e+00 -9.794376e-01 2.557121e-03 2.017311e-01 6.400545e+01
1.988151e-01 7.742218e-02 9.769741e-01 7.257522e+01 -1.361716e-02 9.969967e-01 -7.623780e-02 -4.856261e+00 -9.799424e-01 1.853616e-03 1.992723e-01 6.414104e+01
1.958543e-01 7.470541e-02 9.777833e-01 7.316038e+01 -1.485471e-02 9.972056e-01 -7.321386e-02 -4.899839e+00 -9.805205e-01 -1.854330e-04 1.964167e-01 6.427035e+01
1.934082e-01 7.074627e-02 9.785644e-01 7.378894e+01 -1.443062e-02 9.974941e-01 -6.926267e-02 -4.941964e+00 -9.810123e-01 -7.253275e-04 1.939444e-01 6.440631e+01
1.912643e-01 7.001296e-02 9.790384e-01 7.433871e+01 -1.131455e-02 9.975438e-01 -6.912592e-02 -4.983509e+00 -9.814733e-01 2.143946e-03 1.915867e-01 6.451739e+01
1.883029e-01 7.240634e-02 9.794383e-01 7.507909e+01 -7.751442e-03 9.973571e-01 -7.224075e-02 -5.059472e+00 -9.820804e-01 6.011085e-03 1.883665e-01 6.467071e+01
1.858231e-01 7.462313e-02 9.797455e-01 7.564313e+01 -3.591143e-03 9.971569e-01 -7.526817e-02 -5.093628e+00 -9.825766e-01 1.046816e-02 1.855628e-01 6.478128e+01
1.844605e-01 7.645685e-02 9.798616e-01 7.619634e+01 -3.898458e-03 9.970187e-01 -7.706170e-02 -5.133509e+00 -9.828322e-01 1.039489e-02 1.842086e-01 6.487842e+01
1.826296e-01 7.895738e-02 9.800062e-01 7.676010e+01 -3.938214e-03 9.968208e-01 -7.957819e-02 -5.175819e+00 -9.831739e-01 1.067386e-02 1.823600e-01 6.500063e+01
1.804789e-01 7.732014e-02 9.805350e-01 7.730654e+01 -2.723596e-03 9.969408e-01 -7.811251e-02 -5.218095e+00 -9.835751e-01 1.142708e-02 1.801373e-01 6.513205e+01
1.806348e-01 7.553656e-02 9.806454e-01 7.787092e+01 3.299826e-03 9.969944e-01 -7.740371e-02 -5.258282e+00 -9.835447e-01 1.721776e-02 1.798426e-01 6.523997e+01
1.829402e-01 7.366068e-02 9.803606e-01 7.844323e+01 8.641596e-03 9.970302e-01 -7.652573e-02 -5.295064e+00 -9.830861e-01 2.247151e-02 1.817603e-01 6.534643e+01
1.848991e-01 7.291572e-02 9.800488e-01 7.897136e+01 1.159942e-02 9.970124e-01 -7.636620e-02 -5.335764e+00 -9.826891e-01 2.548803e-02 1.835009e-01 6.543912e+01
1.881367e-01 7.247596e-02 9.794651e-01 7.954857e+01 9.081304e-03 9.971025e-01 -7.552540e-02 -5.378820e+00 -9.821009e-01 2.310392e-02 1.869334e-01 6.556443e+01
1.932523e-01 7.276498e-02 9.784471e-01 8.010785e+01 8.357084e-03 9.970879e-01 -7.580185e-02 -5.421096e+00 -9.811135e-01 2.282585e-02 1.920814e-01 6.567954e+01
1.997513e-01 7.167797e-02 9.772214e-01 8.068800e+01 9.926481e-03 9.971216e-01 -7.516667e-02 -5.457481e+00 -9.797963e-01 2.471501e-02 1.984649e-01 6.581284e+01
2.077457e-01 7.221336e-02 9.755137e-01 8.126743e+01 7.876266e-03 9.971155e-01 -7.548979e-02 -5.490951e+00 -9.781512e-01 2.336609e-02 2.065777e-01 6.594500e+01
2.159227e-01 7.012217e-02 9.738892e-01 8.186009e+01 7.691677e-03 9.972648e-01 -7.351059e-02 -5.536248e+00 -9.763802e-01 2.336345e-02 2.147928e-01 6.608738e+01
2.247045e-01 6.986946e-02 9.719188e-01 8.244202e+01 4.450524e-03 9.973420e-01 -7.272603e-02 -5.574356e+00 -9.744168e-01 2.066741e-02 2.237963e-01 6.623460e+01
2.343832e-01 6.950215e-02 9.696566e-01 8.305177e+01 4.071066e-03 9.973621e-01 -7.247205e-02 -5.611389e+00 -9.721358e-01 2.093377e-02 2.334820e-01 6.639397e+01
2.440205e-01 7.322783e-02 9.670014e-01 8.365401e+01 -1.559810e-03 9.971734e-01 -7.511904e-02 -5.656488e+00 -9.697688e-01 1.682225e-02 2.434450e-01 6.656602e+01
2.529887e-01 7.525752e-02 9.645377e-01 8.425753e+01 -4.591181e-03 9.970521e-01 -7.659021e-02 -5.694873e+00 -9.674583e-01 1.494809e-02 2.525885e-01 6.674477e+01
2.637963e-01 7.772393e-02 9.614419e-01 8.488418e+01 -8.214056e-03 9.968932e-01 -7.833612e-02 -5.738975e+00 -9.645434e-01 1.276744e-02 2.636152e-01 6.693316e+01
2.741209e-01 7.977161e-02 9.583811e-01 8.551912e+01 -9.982093e-03 9.967361e-01 -8.010900e-02 -5.783390e+00 -9.616434e-01 1.239290e-02 2.740225e-01 6.712701e+01
2.842048e-01 8.064145e-02 9.553662e-01 8.616595e+01 -1.222438e-02 9.966803e-01 -8.049219e-02 -5.822633e+00 -9.586857e-01 1.119750e-02 2.842471e-01 6.733524e+01
2.931070e-01 8.204518e-02 9.525528e-01 8.681559e+01 -1.509843e-02 9.965841e-01 -8.119179e-02 -5.897334e+00 -9.559604e-01 9.415829e-03 2.933445e-01 6.754811e+01
3.034900e-01 8.298063e-02 9.492144e-01 8.747090e+01 -1.950153e-02 9.965329e-01 -8.088204e-02 -5.943537e+00 -9.526350e-01 6.035757e-03 3.040560e-01 6.776810e+01
3.138410e-01 7.783892e-02 9.462795e-01 8.813257e+01 -1.894732e-02 9.969489e-01 -7.572284e-02 -5.994238e+00 -9.492865e-01 5.835471e-03 3.143583e-01 6.799817e+01
3.240496e-01 7.127674e-02 9.433512e-01 8.879999e+01 -1.530731e-02 9.974222e-01 -7.010398e-02 -6.028804e+00 -9.459163e-01 8.276997e-03 3.243053e-01 6.824441e+01
3.350458e-01 6.692099e-02 9.398223e-01 8.950412e+01 -1.329197e-02 9.977109e-01 -6.630443e-02 -6.075732e+00 -9.421081e-01 9.722931e-03 3.351684e-01 6.849000e+01
3.452754e-01 6.355627e-02 9.363469e-01 9.020613e+01 -1.374266e-02 9.979397e-01 -6.266943e-02 -6.116471e+00 -9.384008e-01 8.770315e-03 3.454375e-01 6.876306e+01
3.548448e-01 6.108819e-02 9.329273e-01 9.092174e+01 -7.007105e-03 9.980088e-01 -6.268453e-02 -6.151132e+00 -9.348990e-01 1.570616e-02 3.545663e-01 6.903173e+01
3.633890e-01 5.580341e-02 9.299647e-01 9.165984e+01 -6.574242e-04 9.982196e-01 -5.964222e-02 -6.192007e+00 -9.316373e-01 2.106194e-02 3.627787e-01 6.931498e+01
3.697007e-01 4.627713e-02 9.279978e-01 9.237699e+01 8.990492e-03 9.985340e-01 -5.337629e-02 -6.227202e+00 -9.291074e-01 2.807641e-02 3.687427e-01 6.960188e+01
3.769636e-01 4.171933e-02 9.252880e-01 9.312100e+01 1.453623e-02 9.985956e-01 -5.094670e-02 -6.269951e+00 -9.261140e-01 3.265525e-02 3.758278e-01 6.990223e+01
3.837332e-01 4.184625e-02 9.224954e-01 9.384311e+01 1.659667e-02 9.984988e-01 -5.219769e-02 -6.308525e+00 -9.232949e-01 3.534033e-02 3.824626e-01 7.020824e+01
3.908485e-01 4.806398e-02 9.191993e-01 9.459053e+01 1.895429e-02 9.980037e-01 -6.024405e-02 -6.347452e+00 -9.202599e-01 4.096906e-02 3.891572e-01 7.054640e+01
3.983649e-01 5.276767e-02 9.157079e-01 9.532463e+01 2.237455e-02 9.974877e-01 -6.721394e-02 -6.386656e+00 -9.169541e-01 4.726423e-02 3.961835e-01 7.084381e+01
4.040948e-01 5.433205e-02 9.131021e-01 9.607785e+01 2.077810e-02 9.974316e-01 -6.854527e-02 -6.441472e+00 -9.144811e-01 4.667131e-02 4.019280e-01 7.116870e+01
4.076304e-01 5.539650e-02 9.114651e-01 9.676741e+01 1.437182e-02 9.976453e-01 -6.706176e-02 -6.499143e+00 -9.130339e-01 4.043582e-02 4.058744e-01 7.152189e+01
4.114506e-01 5.908159e-02 9.095151e-01 9.749020e+01 7.711101e-03 9.976354e-01 -6.829422e-02 -6.554132e+00 -9.113994e-01 3.511306e-02 4.100221e-01 7.187951e+01
4.153851e-01 6.227285e-02 9.075116e-01 9.821968e+01 7.163459e-03 9.973991e-01 -7.171972e-02 -6.600404e+00 -9.096175e-01 3.629222e-02 4.138586e-01 7.223436e+01
4.197024e-01 6.653634e-02 9.052197e-01 9.890025e+01 3.511380e-03 9.971831e-01 -7.492395e-02 -6.654664e+00 -9.076550e-01 3.462434e-02 4.182865e-01 7.255333e+01
4.229929e-01 6.968308e-02 9.034497e-01 9.958893e+01 1.396089e-04 9.970337e-01 -7.696658e-02 -6.712753e+00 -9.061330e-01 3.268244e-02 4.217284e-01 7.289582e+01
4.275802e-01 6.769166e-02 9.014394e-01 1.002623e+02 -2.854115e-04 9.972025e-01 -7.474741e-02 -6.764523e+00 -9.039774e-01 3.170323e-02 4.264034e-01 7.320254e+01
4.311510e-01 6.535434e-02 8.999098e-01 1.009940e+02 -3.287913e-04 9.973846e-01 -7.227574e-02 -6.827072e+00 -9.022797e-01 3.086587e-02 4.300448e-01 7.357396e+01
4.348750e-01 6.223471e-02 8.983377e-01 1.016564e+02 -3.858710e-04 9.976217e-01 -6.892607e-02 -6.883118e+00 -9.004907e-01 2.962758e-02 4.338647e-01 7.390067e+01
4.385640e-01 6.106618e-02 8.966229e-01 1.023030e+02 -1.352592e-03 9.977325e-01 -6.729085e-02 -6.933720e+00 -8.986990e-01 2.829858e-02 4.376521e-01 7.421846e+01
4.421560e-01 6.289017e-02 8.947306e-01 1.029317e+02 -3.107233e-03 9.976402e-01 -6.858811e-02 -6.978747e+00 -8.969328e-01 2.754650e-02 4.413080e-01 7.454310e+01
4.454011e-01 6.327436e-02 8.930925e-01 1.035514e+02 -2.071845e-03 9.975698e-01 -6.964317e-02 -7.020758e+00 -8.953287e-01 2.916880e-02 4.444498e-01 7.485358e+01
4.479751e-01 6.187580e-02 8.919023e-01 1.041481e+02 -1.148223e-03 9.976412e-01 -6.863473e-02 -7.072568e+00 -8.940453e-01 2.972255e-02 4.469895e-01 7.513918e+01
4.497986e-01 6.005168e-02 8.911089e-01 1.047762e+02 -4.979349e-04 9.977537e-01 -6.698712e-02 -7.150108e+00 -8.931299e-01 2.968700e-02 4.488181e-01 7.544057e+01
4.518524e-01 6.004269e-02 8.900698e-01 1.053731e+02 -2.133997e-03 9.978023e-01 -6.622681e-02 -7.197583e+00 -8.920902e-01 2.802533e-02 4.509875e-01 7.574091e+01
4.541777e-01 5.942506e-02 8.889270e-01 1.059568e+02 -2.804245e-04 9.977825e-01 -6.655881e-02 -7.234294e+00 -8.909111e-01 2.998025e-02 4.531872e-01 7.602770e+01
4.565789e-01 6.104148e-02 8.875864e-01 1.065440e+02 -8.196272e-04 9.976720e-01 -6.819071e-02 -7.279296e+00 -8.896826e-01 3.040695e-02 4.555660e-01 7.634084e+01
4.595073e-01 6.063146e-02 8.861021e-01 1.071200e+02 2.029427e-03 9.975929e-01 -6.931262e-02 -7.332375e+00 -8.881717e-01 3.364793e-02 4.582782e-01 7.664756e+01
4.629858e-01 5.984041e-02 8.843434e-01 1.076755e+02 4.854851e-03 9.975323e-01 -7.004120e-02 -7.360253e+00 -8.863524e-01 3.672144e-02 4.615528e-01 7.691208e+01
4.668536e-01 5.782015e-02 8.824424e-01 1.082353e+02 6.772520e-03 9.975972e-01 -6.894841e-02 -7.422930e+00 -8.843087e-01 3.816517e-02 4.653403e-01 7.718831e+01
4.706162e-01 5.683883e-02 8.805054e-01 1.087840e+02 8.078160e-03 9.976036e-01 -6.871546e-02 -7.466177e+00 -8.823010e-01 3.945148e-02 4.690293e-01 7.747890e+01
4.737368e-01 5.660589e-02 8.788454e-01 1.093139e+02 9.144632e-03 9.975622e-01 -6.918173e-02 -7.503472e+00 -8.806190e-01 4.081065e-02 4.720643e-01 7.776558e+01
4.770016e-01 5.583189e-02 8.771273e-01 1.098465e+02 8.843429e-03 9.976249e-01 -6.831119e-02 -7.558301e+00 -8.788579e-01 4.034136e-02 4.753749e-01 7.807808e+01
